0.05,24.6
0.13333333333333333,24.6
0.21666666666666667,24.6
0.3,24.6
0.38333333333333336,24.6
0.4666666666666667,24.6
0.55,24.6
0.6333333333333333,24.6
0.7166666666666667,24.6
0.8,24.6
0.8833333333333333,24.6
0.9666666666666667,24.6
1.05,24.6
1.1333333333333333,24.6
1.2166666666666668,24.6
1.3,24.6
1.3833333333333333,24.8
1.4666666666666668,24.6
1.55,24.5
1.6333333333333333,24.1
1.7166666666666668,23.6
1.8,23.5
1.8833333333333333,23.5
1.9666666666666668,23.7
2.05,24.1
2.1333333333333333,24.1
2.216666666666667,24.3
2.3,24.3
2.3833333333333333,24.5
2.466666666666667,24.6
2.55,24.6
2.6333333333333333,24.8
2.716666666666667,24.8
2.8,24.9
2.8833333333333333,25.0
2.966666666666667,25.1
3.05,25.1
3.1333333333333333,25.1
3.216666666666667,25.3
3.3,25.3
3.3833333333333333,25.4
3.466666666666667,25.5
3.55,25.5
3.6333333333333333,25.6
3.716666666666667,25.6
3.8,25.7
3.8833333333333333,25.7
3.966666666666667,25.7
4.05,25.9
4.133333333333334,25.9
4.216666666666667,25.9
4.3,25.6
4.383333333333334,25.2
4.466666666666667,24.9
4.55,24.6
4.633333333333333,24.4
4.716666666666667,24.2
4.8,24.1
4.883333333333333,23.7
4.966666666666667,23.7
5.05,23.6
5.133333333333334,23.5
5.216666666666667,23.5
5.3,23.4
5.383333333333334,23.2
5.466666666666667,23.2
5.55,23.1
5.633333333333333,23.1
5.716666666666667,23.1
5.8,23.1
5.883333333333333,23.1
5.966666666666667,23.1
6.05,23.1
6.133333333333334,23.1
6.216666666666667,23.1
6.3,22.2
6.383333333333334,22.2
6.466666666666667,22.2
6.55,23.1
6.633333333333333,23.1
6.716666666666667,23.2
6.8,23.2
6.883333333333333,23.1
6.966666666666667,23.1
7.05,23.1
7.133333333333334,23.1
7.216666666666667,23.1
7.3,22.2
7.383333333333334,22.2
7.466666666666667,22.2
7.55,22.2
7.633333333333333,22.2
7.716666666666667,22.2
7.8,22.2
7.883333333333333,23.1
7.966666666666667,23.1
8.05,23.4
8.133333333333333,23.7
8.216666666666667,24.1
8.3,23.7
8.383333333333333,23.5
8.466666666666667,23.4
8.55,23.2
8.633333333333333,23.1
8.716666666666667,23.1
8.8,23.1
8.883333333333333,22.2
8.966666666666667,22.2
9.05,22.2
9.133333333333333,22.2
9.216666666666667,22.2
9.3,22.2
9.383333333333333,22.2
9.466666666666667,22.2
9.55,22.2
9.633333333333333,22.2
9.716666666666667,22.2
9.8,22.2
9.883333333333333,22.2
9.966666666666667,22.2
10.05,22.2
10.133333333333333,22.2
10.216666666666667,22.2
10.3,22.2
10.383333333333333,22.2
10.466666666666667,22.2
10.55,22.2
10.633333333333333,22.2
10.716666666666667,22.2
10.8,23.1
10.883333333333333,23.1
10.966666666666667,23.2
11.05,23.3
11.133333333333333,23.4
11.216666666666667,23.5
11.3,23.5
11.383333333333333,23.3
11.466666666666667,23.1
11.55,23.0
11.633333333333333,23.1
11.716666666666667,22.1
11.8,23.0
11.883333333333333,23.0
11.966666666666667,23.0
12.05,23.0
12.133333333333333,23.2
12.216666666666667,23.4
12.3,23.5
12.383333333333333,23.7
12.466666666666667,24.1
12.55,24.2
12.633333333333333,24.3
12.716666666666667,24.4
12.8,24.5
12.883333333333333,24.5
12.966666666666667,24.6
13.05,24.6
13.133333333333333,24.6
13.216666666666667,24.5
13.3,24.3
13.383333333333333,23.7
13.466666666666667,23.5
13.55,23.2
13.633333333333333,23.1
13.716666666666667,23.1
13.8,23.1
13.883333333333333,22.2
13.966666666666667,22.2
14.05,22.2
14.133333333333333,22.2
14.216666666666667,22.2
14.3,22.2
14.383333333333333,22.2
14.466666666666667,22.1
14.55,22.1
14.633333333333333,22.0
14.716666666666667,22.0
14.8,22.1
14.883333333333333,22.2
14.966666666666667,22.2
15.05,22.2
15.133333333333333,22.2
15.216666666666667,22.2
15.3,23.1
15.383333333333333,23.1
15.466666666666667,23.1
15.55,23.1
15.633333333333333,23.1
15.716666666666667,23.1
15.8,23.2
15.883333333333333,23.2
15.966666666666667,23.2
16.05,23.3
16.133333333333333,23.4
16.216666666666665,23.4
16.3,23.4
16.383333333333333,23.4
16.466666666666665,23.5
16.55,23.5
16.633333333333333,23.5
16.716666666666665,23.5
16.8,23.5
16.883333333333333,23.5
16.966666666666665,23.6
17.05,23.6
17.133333333333333,23.7
17.216666666666665,23.7
17.3,23.7
17.383333333333333,23.7
17.466666666666665,23.7
17.55,23.7
17.633333333333333,23.7
17.716666666666665,24.1
17.8,24.1
17.883333333333333,24.1
17.966666666666665,24.1
18.05,24.1
18.133333333333333,24.1
18.216666666666665,24.1
18.3,24.1
18.383333333333333,24.1
18.466666666666665,24.1
18.55,24.1
18.633333333333333,24.1
18.716666666666665,24.1
18.8,24.1
18.883333333333333,24.1
18.966666666666665,24.1
19.05,24.1
19.133333333333333,24.1
19.216666666666665,24.1
19.3,24.1
19.383333333333333,24.1
19.466666666666665,24.2
19.55,24.2
19.633333333333333,24.2
19.716666666666665,24.2
19.8,24.2
19.883333333333333,24.2
19.966666666666665,24.2
20.05,24.2
20.133333333333333,24.2
20.216666666666665,24.2
20.3,24.2
20.383333333333333,24.3
20.466666666666665,24.3
20.55,24.3
20.633333333333333,24.3
20.716666666666665,24.3
20.8,24.3
20.883333333333333,24.3
20.966666666666665,24.3
21.05,24.3
21.133333333333333,24.3
21.216666666666665,24.3
21.3,24.3
21.383333333333333,24.3
21.466666666666665,24.3
21.55,24.3
21.633333333333333,24.3
21.716666666666665,24.3
21.8,24.3
21.883333333333333,24.3
21.966666666666665,24.3
22.05,24.3
22.133333333333333,24.3
22.216666666666665,24.3
22.3,24.3
22.383333333333333,24.3
22.466666666666665,24.3
22.55,24.3
22.633333333333333,24.3
22.716666666666665,24.3
22.8,24.3
22.883333333333333,24.3
22.966666666666665,24.3
23.05,24.3
23.133333333333333,24.3
23.216666666666665,24.3
23.3,24.3
23.383333333333333,24.3
23.466666666666665,24.3
23.55,24.3
23.633333333333333,24.3
23.716666666666665,24.3
23.8,24.3
23.883333333333333,24.3
23.966666666666665,24.3

