0.03333333333333333,24.1
0.05,24.5
0.11666666666666667,24.1
0.13333333333333333,24.6
0.2,24.1
0.21666666666666667,24.6
0.2833333333333333,24.1
0.3,24.6
0.36666666666666664,24.1
0.38333333333333336,24.6
0.45,24.1
0.4666666666666667,24.6
0.5333333333333333,24.1
0.55,24.6
0.6166666666666667,24.1
0.6333333333333333,24.6
0.7,24.1
0.7166666666666667,24.6
0.7833333333333333,24.1
0.8,24.6
0.8666666666666667,24.1
0.8833333333333333,24.6
0.95,24.1
0.9666666666666667,24.6
1.0333333333333334,24.2
1.05,24.6
1.1166666666666667,24.2
1.1333333333333333,24.6
1.2,24.2
1.2166666666666668,24.6
1.2833333333333332,24.2
1.3,24.6
1.3666666666666667,24.2
1.3833333333333333,24.6
1.45,24.2
1.4666666666666668,24.6
1.5333333333333332,24.2
1.55,24.6
1.6166666666666667,24.2
1.6333333333333333,24.6
1.7,24.2
1.7166666666666668,24.6
1.7833333333333332,24.2
1.8,24.6
1.8666666666666667,24.2
1.8833333333333333,24.8
1.95,24.3
1.9666666666666668,24.8
2.033333333333333,24.3
2.05,24.8
2.1166666666666667,24.3
2.1333333333333333,24.8
2.2,24.3
2.216666666666667,24.8
2.283333333333333,24.3
2.3,24.8
2.3666666666666667,24.3
2.3833333333333333,24.9
2.45,24.3
2.466666666666667,25.0
2.533333333333333,24.3
2.55,25.0
2.6166666666666667,24.3
2.6333333333333333,25.0
2.7,24.3
2.716666666666667,25.0
2.783333333333333,24.3
2.8,25.1
2.8666666666666667,24.3
2.8833333333333333,25.1
2.95,24.3
2.966666666666667,25.1
3.033333333333333,24.3
3.05,25.1
3.1166666666666667,24.3
3.1333333333333333,25.1
3.2,24.3
3.216666666666667,25.1
3.283333333333333,24.3
3.3,25.2
3.3666666666666667,24.3
3.3833333333333333,25.3
3.45,24.3
3.466666666666667,25.3
3.533333333333333,24.3
3.55,25.3
3.6166666666666667,24.3
3.6333333333333333,25.3
3.7,24.3
3.716666666666667,25.4
3.783333333333333,24.3
3.8,25.4
3.8666666666666667,24.3
3.8833333333333333,25.4
3.95,24.3
3.966666666666667,25.3
4.033333333333333,24.3
4.05,25.0
4.116666666666666,24.3
4.133333333333334,24.9
4.2,24.3
4.216666666666667,24.9
4.283333333333333,24.3
4.3,25.0
4.366666666666666,24.3
4.383333333333334,25.0
4.45,24.3
4.466666666666667,25.0
4.533333333333333,24.3
4.55,25.0
4.616666666666667,24.3
4.633333333333333,25.1
4.7,24.3
4.716666666666667,25.1
4.783333333333333,24.3
4.8,25.3
4.866666666666667,24.3
4.883333333333333,25.3
4.95,24.3
4.966666666666667,25.3
5.033333333333333,24.3
5.05,25.4
5.116666666666666,24.3
5.133333333333334,25.5
5.2,24.3
5.216666666666667,25.5
5.283333333333333,24.3
5.3,25.6
5.366666666666666,24.3
5.383333333333334,25.6
5.45,24.3
5.466666666666667,25.7
5.533333333333333,24.3
5.55,25.7
5.616666666666667,24.3
5.633333333333333,25.7
5.7,24.4
5.716666666666667,25.7
5.783333333333333,24.4
5.8,25.7
5.866666666666667,24.4
5.883333333333333,25.7
5.95,24.5
5.966666666666667,25.7
6.033333333333333,24.5
6.05,25.7
6.116666666666666,24.5
6.133333333333334,25.9
6.2,24.5
6.216666666666667,25.9
6.283333333333333,24.5
6.3,25.9
6.366666666666666,24.4
6.383333333333334,25.9
6.45,24.3
6.466666666666667,25.9
6.533333333333333,24.3
6.55,26.0
6.616666666666667,24.3
6.633333333333333,26.0
6.7,24.3
6.716666666666667,26.1
6.783333333333333,24.3
6.8,26.1
6.866666666666667,24.3
6.883333333333333,26.1
6.95,24.3
6.966666666666667,26.1
7.033333333333333,24.3
7.05,25.9
7.116666666666666,24.3
7.133333333333334,25.6
7.2,24.3
7.216666666666667,25.2
7.283333333333333,24.3
7.3,24.9
7.366666666666666,24.3
7.383333333333334,24.6
7.45,24.3
7.466666666666667,24.5
7.533333333333333,24.3
7.55,24.3
7.616666666666667,24.3
7.633333333333333,24.1
7.7,24.3
7.716666666666667,23.7
7.783333333333333,24.3
7.8,23.7
7.866666666666667,24.3
7.883333333333333,23.6
7.95,24.3
7.966666666666667,23.6
8.033333333333333,24.4
8.05,23.6
8.116666666666667,24.5
8.133333333333333,23.5
8.2,24.5
8.216666666666667,23.5
8.283333333333333,24.5
8.3,23.5
8.366666666666667,24.6
8.383333333333333,23.5
8.45,24.6
8.466666666666667,23.6
8.533333333333333,24.6
8.55,23.6
8.616666666666667,24.8
8.633333333333333,23.5
8.7,24.8
8.716666666666667,23.5
8.783333333333333,24.6
8.8,23.5
8.866666666666667,24.3
8.883333333333333,23.4
8.95,24.1
8.966666666666667,23.4
9.033333333333333,23.4
9.05,23.3
9.116666666666667,23.1
9.133333333333333,23.2
9.2,23.1
9.216666666666667,23.2
9.283333333333333,23.1
9.3,23.2
9.366666666666667,23.1
9.383333333333333,23.2
9.45,22.2
9.466666666666667,23.2
9.533333333333333,22.2
9.55,23.1
9.616666666666667,22.2
9.633333333333333,23.1
9.7,22.2
9.716666666666667,23.1
9.783333333333333,22.2
9.8,23.1
9.866666666666667,22.2
9.883333333333333,23.1
9.95,22.2
9.966666666666667,23.1
10.033333333333333,22.2
10.05,23.1
10.116666666666667,22.2
10.133333333333333,23.1
10.2,22.2
10.216666666666667,23.1
10.283333333333333,22.2
10.3,23.1
10.366666666666667,22.2
10.383333333333333,23.2
10.45,22.2
10.466666666666667,23.3
10.533333333333333,22.2
10.55,23.4
10.616666666666667,22.2
10.633333333333333,23.5
10.7,22.1
10.716666666666667,23.5
10.783333333333333,22.1
10.8,23.7
10.866666666666667,23.0
10.883333333333333,24.1
10.95,23.1
10.966666666666667,24.3
11.033333333333333,23.4
11.05,24.5
11.116666666666667,23.5
11.133333333333333,24.6
11.216666666666667,24.6
11.3,24.5
11.383333333333333,24.6
11.466666666666667,24.6
11.55,24.5
11.633333333333333,24.4
11.716666666666667,24.3
11.8,24.1
11.883333333333333,23.7
11.966666666666667,23.6
12.05,23.5
12.133333333333333,23.4
12.216666666666667,23.5
12.3,23.5
12.383333333333333,23.7
12.466666666666667,24.1
12.55,24.3
12.633333333333333,24.5
12.716666666666667,24.6
12.8,24.6
12.883333333333333,24.6
12.966666666666667,24.5
13.05,24.4
13.133333333333333,24.4
13.216666666666667,24.4
13.3,24.5
13.383333333333333,24.3
13.466666666666667,24.2
13.55,24.1
13.633333333333333,24.2
13.716666666666667,24.3
13.8,24.3
13.883333333333333,24.3
13.966666666666667,24.1
14.05,23.7
14.133333333333333,23.7
14.216666666666667,24.1
14.3,24.1
14.383333333333333,24.2
14.466666666666667,24.3
14.55,24.4
14.633333333333333,24.5
14.716666666666667,24.5
14.8,24.6
14.883333333333333,24.6
14.966666666666667,24.6
15.05,24.6
15.133333333333333,24.6
15.216666666666667,24.6
15.3,24.6
15.383333333333333,24.6
15.466666666666667,24.6
15.55,24.6
15.633333333333333,24.6
15.716666666666667,24.6
15.8,24.6
15.883333333333333,24.6
15.966666666666667,24.6
16.05,24.6
16.133333333333333,24.6
16.216666666666665,24.6
16.3,24.6
16.383333333333333,24.6
16.466666666666665,24.6
16.55,24.6
16.633333333333333,24.6
16.716666666666665,24.6
16.8,24.6
16.883333333333333,24.6
16.966666666666665,24.6
17.05,24.6
17.133333333333333,24.6
17.216666666666665,24.6
17.3,24.6
17.383333333333333,24.6
17.466666666666665,24.6
17.55,24.6
17.633333333333333,24.6
17.716666666666665,24.6
17.8,24.6
17.883333333333333,24.6
17.966666666666665,24.6
18.05,24.6
18.133333333333333,24.6
18.216666666666665,24.6
18.3,24.6
18.383333333333333,24.6
18.466666666666665,24.6
18.55,24.6
18.633333333333333,24.6
18.716666666666665,24.6
18.8,24.6
18.883333333333333,24.6
18.966666666666665,24.6
19.05,24.6
19.133333333333333,24.6
19.216666666666665,24.6
19.3,24.6
19.383333333333333,24.6
19.466666666666665,24.5
19.55,24.5
19.633333333333333,24.5
19.716666666666665,24.5
19.8,24.5
19.883333333333333,24.5
19.966666666666665,24.5
20.05,24.5
20.133333333333333,24.5
20.216666666666665,24.5
20.3,24.5
20.383333333333333,24.5
20.466666666666665,24.5
20.55,24.5
20.633333333333333,24.5
20.716666666666665,24.5
20.8,24.5
20.883333333333333,24.5
20.966666666666665,24.5
21.05,24.5
21.133333333333333,24.5
21.216666666666665,24.5
21.3,24.5
21.383333333333333,24.5
21.466666666666665,24.5
21.55,24.5
21.633333333333333,24.5
21.716666666666665,24.5
21.8,24.4
21.883333333333333,24.4
21.966666666666665,24.4
22.05,24.4
22.133333333333333,24.4
22.216666666666665,24.4
22.3,24.4
22.383333333333333,24.5
22.466666666666665,24.5
22.55,24.5
22.633333333333333,24.5
22.716666666666665,24.5
22.8,24.5
22.883333333333333,24.5
22.966666666666665,24.5
23.05,24.5
23.133333333333333,24.5
23.216666666666665,24.5
23.3,24.5
23.383333333333333,24.4
23.466666666666665,24.4
23.55,24.4
23.633333333333333,24.4
23.716666666666665,24.4
23.8,24.4
23.883333333333333,24.4
23.966666666666665,24.4

