0.0,24.5
0.08333333333333333,24.5
0.16666666666666666,24.5
0.25,24.5
0.3333333333333333,24.5
0.4166666666666667,24.5
0.5,24.5
0.5833333333333334,24.5
0.6666666666666666,24.5
0.75,24.5
0.8333333333333334,24.5
0.9166666666666666,24.5
1.0,24.5
1.0833333333333333,24.5
1.1666666666666667,24.5
1.25,24.5
1.3333333333333333,24.5
1.4166666666666667,24.5
1.5,24.5
1.5833333333333335,24.5
1.6666666666666665,24.5
1.75,24.5
1.8333333333333335,24.5
1.9166666666666665,24.5
2.0,24.5
2.0833333333333335,24.5
2.1666666666666665,24.5
2.25,24.5
2.3333333333333335,24.5
2.4166666666666665,24.5
2.5,24.5
2.5833333333333335,24.5
2.6666666666666665,24.5
2.75,24.5
2.8333333333333335,24.5
2.9166666666666665,24.4
3.0,24.4
3.0833333333333335,24.4
3.1666666666666665,24.4
3.25,24.4
3.3333333333333335,24.4
3.4166666666666665,24.3
3.5,24.3
3.5833333333333335,24.3
3.6666666666666665,24.3
3.75,24.3
3.8333333333333335,24.2
3.9166666666666665,24.2
4.0,24.2
4.083333333333333,24.2
4.166666666666667,24.2
4.25,24.2
4.333333333333333,24.2
4.416666666666667,24.2
4.5,24.2
4.583333333333333,24.2
4.666666666666667,24.2
4.75,24.2
4.833333333333333,24.2
4.916666666666667,24.2
5.0,24.1
5.083333333333333,24.1
5.166666666666667,24.1
5.25,24.1
5.333333333333333,23.8
5.416666666666667,23.8
5.5,23.8
5.583333333333333,23.8
5.666666666666667,23.8
5.75,23.8
5.833333333333333,23.8
5.916666666666667,23.8
6.0,23.8
6.083333333333333,23.7
6.166666666666667,23.7
6.25,23.7
6.333333333333333,23.7
6.416666666666667,23.8
6.5,23.7
6.583333333333333,23.7
6.666666666666667,23.8
6.75,23.8
6.833333333333333,23.8
6.916666666666667,23.8
7.0,23.8
7.083333333333333,23.8
7.166666666666667,23.7
7.25,24.1
7.333333333333333,24.1
7.416666666666667,24.1
7.5,24.2
7.583333333333333,24.2
7.666666666666667,24.2
7.75,24.2
7.833333333333333,24.2
7.916666666666667,24.2
8.0,24.2
8.083333333333334,24.2
8.166666666666666,24.3
8.25,24.3
8.333333333333334,24.3
8.416666666666666,24.4
8.5,24.4
8.583333333333334,24.4
8.666666666666666,24.4
8.75,24.4
8.833333333333334,24.4
8.916666666666666,24.4
9.0,24.5
9.083333333333334,24.5
9.166666666666666,24.5
9.25,24.5
9.333333333333334,24.5
9.416666666666666,24.5
9.5,24.5
9.583333333333334,24.5
9.666666666666666,24.6
9.75,24.6
9.833333333333334,24.7
9.916666666666666,24.7
10.0,24.7
10.083333333333334,24.7
10.166666666666666,24.7
10.25,24.7
10.333333333333334,24.7
10.416666666666666,24.7
10.5,24.8
10.583333333333334,24.9
10.666666666666666,24.8
10.75,24.8
10.833333333333334,24.9
10.916666666666666,25.0
11.0,25.0
11.083333333333334,25.0
11.166666666666666,25.0
11.25,25.0
11.333333333333334,25.0
11.416666666666666,25.0
11.5,25.0
11.583333333333334,25.0
11.666666666666666,25.0
11.75,25.0
11.833333333333334,25.0
11.916666666666666,25.0
12.0,25.0
12.083333333333334,25.0
12.166666666666666,25.1
12.25,25.1
12.333333333333334,25.1
12.416666666666666,25.1
12.5,25.1
12.583333333333334,25.1
12.666666666666666,25.1
12.75,25.1
12.833333333333334,25.1
12.916666666666666,25.1
13.0,25.1
13.083333333333334,25.1
13.166666666666666,25.1
13.25,25.1
13.333333333333334,25.1
13.416666666666666,25.2
13.5,25.2
13.583333333333334,25.2
13.666666666666666,25.3
13.75,25.3
13.833333333333334,25.3
13.916666666666666,25.3
14.0,25.3
14.083333333333334,25.3
14.166666666666666,25.3
14.25,25.3
14.333333333333334,25.3
14.416666666666666,25.3
14.5,25.3
14.583333333333334,25.3
14.666666666666666,25.3
14.75,25.3
14.833333333333334,25.3
14.916666666666666,25.3
15.0,25.3
15.083333333333334,25.3
15.166666666666666,25.3
15.25,25.3
15.333333333333334,25.3
15.416666666666666,25.3
15.5,25.2
15.583333333333334,25.2
15.666666666666666,25.2
15.75,25.1
15.833333333333334,25.1
15.916666666666666,25.1
16.0,25.1
16.083333333333332,25.1
16.166666666666668,25.1
16.25,25.1
16.333333333333332,25.1
16.416666666666668,25.0
16.5,25.0
16.583333333333332,25.0
16.666666666666668,25.0
16.75,25.0
16.833333333333332,25.0
16.916666666666668,25.0
17.0,25.0
17.083333333333332,24.9
17.166666666666668,24.9
17.25,24.9
17.333333333333332,24.9
17.416666666666668,24.9
17.5,24.7
17.583333333333332,24.7
17.666666666666668,24.7
17.75,24.7
17.833333333333332,24.7
17.916666666666668,24.7
18.0,24.7
18.083333333333332,24.7
18.166666666666668,24.7
18.25,24.6
18.333333333333332,24.6
18.416666666666668,24.6
18.5,24.5
18.583333333333332,24.5
18.666666666666668,24.5
18.75,24.5
18.833333333333332,24.5
18.916666666666668,24.5
19.0,24.5
19.083333333333332,24.5
19.166666666666668,24.5
19.25,24.5
19.333333333333332,24.5
19.416666666666668,24.4
19.5,24.4
19.583333333333332,24.4
19.666666666666668,24.4
19.75,24.4
19.833333333333332,24.4
19.916666666666668,24.4
20.0,24.3
20.083333333333332,24.3
20.166666666666668,24.2
20.25,24.2
20.333333333333332,24.2
20.416666666666668,24.2
20.5,24.2
20.583333333333332,24.2
20.666666666666668,24.2
20.75,24.2
20.833333333333332,24.2
20.916666666666668,24.2
21.0,24.2
21.083333333333332,24.2
21.166666666666668,24.2
21.25,24.2
21.333333333333332,24.2
21.416666666666668,24.2
21.5,24.2
21.583333333333332,24.2
21.666666666666668,24.2
21.75,24.2
21.833333333333332,24.2
21.916666666666668,24.2
22.0,24.2
22.083333333333332,24.2
22.166666666666668,24.2
22.25,24.2
22.333333333333332,24.2
22.416666666666668,24.2
22.5,24.2
22.583333333333332,24.2
22.666666666666668,24.2
22.75,24.2
22.833333333333332,24.2
22.916666666666668,24.2
23.0,24.2
23.083333333333332,24.2
23.166666666666668,24.2
23.25,24.2
23.333333333333332,24.2
23.416666666666668,24.3
23.5,24.3
23.583333333333332,24.2
23.666666666666668,24.2
23.75,24.3
23.833333333333332,24.3
23.916666666666668,24.3

