0.0,25.9
0.016666666666666666,25.3
0.08333333333333333,25.8
0.1,25.4
0.16666666666666666,25.8
0.18333333333333332,25.4
0.25,25.8
0.26666666666666666,25.4
0.3333333333333333,25.8
0.35,25.4
0.4166666666666667,25.8
0.43333333333333335,25.5
0.5,25.8
0.5166666666666667,25.5
0.5833333333333334,25.8
0.6,25.6
0.6666666666666666,25.8
0.6833333333333333,25.6
0.75,25.8
0.7666666666666667,25.6
0.8333333333333334,25.8
0.85,25.7
0.9166666666666666,25.8
0.9333333333333333,25.7
1.0,25.8
1.0166666666666666,25.7
1.0833333333333333,25.8
1.1,25.7
1.1666666666666667,25.7
1.1833333333333333,25.7
1.25,25.7
1.2666666666666666,25.7
1.3333333333333333,25.7
1.35,25.8
1.4166666666666667,25.7
1.4333333333333333,25.9
1.5,25.7
1.5166666666666666,25.9
1.5833333333333335,25.7
1.6,25.9
1.6666666666666665,25.7
1.6833333333333333,25.9
1.75,25.7
1.7666666666666666,25.9
1.8333333333333335,25.7
1.85,25.9
1.9166666666666665,25.7
1.9333333333333333,25.9
2.0,25.6
2.0166666666666666,26.0
2.0833333333333335,25.6
2.1,26.0
2.1666666666666665,25.6
2.183333333333333,26.1
2.25,25.6
2.2666666666666666,26.1
2.3333333333333335,25.6
2.35,26.2
2.4166666666666665,25.6
2.4333333333333336,26.2
2.5,25.5
2.5166666666666666,26.3
2.5833333333333335,25.5
2.6,26.4
2.6666666666666665,25.5
2.6833333333333336,26.4
2.75,25.5
2.7666666666666666,26.4
2.8333333333333335,25.4
2.85,26.4
2.9166666666666665,25.4
2.9333333333333336,26.1
3.0,25.4
3.0166666666666666,25.9
3.0833333333333335,25.4
3.1,25.6
3.1666666666666665,25.4
3.183333333333333,25.4
3.25,25.4
3.2666666666666666,25.3
3.3333333333333335,25.4
3.35,25.1
3.4166666666666665,25.5
3.4333333333333336,24.9
3.5,25.5
3.5166666666666666,24.7
3.5833333333333335,25.5
3.6,24.7
3.6666666666666665,25.5
3.6833333333333336,24.7
3.75,25.4
3.7666666666666666,24.9
3.8333333333333335,25.4
3.85,25.0
3.9166666666666665,25.4
3.9333333333333336,25.0
4.0,25.4
4.016666666666667,25.0
4.083333333333333,25.4
4.1,25.3
4.166666666666667,25.4
4.183333333333334,25.3
4.25,25.4
4.266666666666667,25.4
4.333333333333333,25.4
4.35,25.4
4.416666666666667,25.4
4.433333333333334,25.5
4.5,25.4
4.516666666666667,25.6
4.583333333333333,25.4
4.6,25.6
4.666666666666667,25.4
4.683333333333334,25.6
4.75,25.4
4.766666666666667,25.7
4.833333333333333,25.4
4.85,25.7
4.916666666666667,25.4
4.933333333333334,25.7
5.0,25.3
5.016666666666667,25.7
5.083333333333333,25.3
5.1,25.7
5.166666666666667,25.3
5.183333333333334,25.8
5.25,25.3
5.266666666666667,25.8
5.333333333333333,25.3
5.35,25.9
5.416666666666667,25.3
5.433333333333334,25.9
5.5,25.3
5.516666666666667,25.9
5.583333333333333,25.1
5.6,25.9
5.666666666666667,25.2
5.683333333333334,25.9
5.75,25.1
5.766666666666667,25.9
5.833333333333333,25.1
5.85,26.0
5.916666666666667,25.1
5.933333333333334,26.0
6.0,25.1
6.016666666666667,26.0
6.083333333333333,25.1
6.1,26.0
6.166666666666667,25.1
6.183333333333334,26.0
6.25,25.1
6.266666666666667,26.1
6.333333333333333,25.1
6.35,26.1
6.416666666666667,25.1
6.433333333333334,26.1
6.5,25.1
6.516666666666667,26.1
6.583333333333333,25.0
6.6,26.1
6.666666666666667,25.0
6.683333333333334,26.1
6.75,25.0
6.766666666666667,26.1
6.833333333333333,25.0
6.85,26.1
6.916666666666667,25.0
6.933333333333334,26.1
7.0,25.0
7.016666666666667,26.1
7.083333333333333,25.0
7.1,26.1
7.166666666666667,25.0
7.183333333333334,26.1
7.25,25.0
7.266666666666667,26.1
7.333333333333333,24.9
7.35,26.1
7.416666666666667,24.9
7.433333333333334,26.1
7.5,24.9
7.516666666666667,26.1
7.583333333333333,24.9
7.6,26.1
7.666666666666667,24.9
7.683333333333334,26.1
7.75,24.9
7.766666666666667,26.1
7.833333333333333,24.9
7.85,26.1
7.916666666666667,24.8
7.933333333333334,26.1
8.0,24.8
8.016666666666667,26.1
8.083333333333334,24.8
8.1,26.1
8.166666666666666,24.8
8.183333333333334,26.1
8.25,24.8
8.266666666666667,26.1
8.333333333333334,24.7
8.35,26.1
8.416666666666666,24.7
8.433333333333334,26.1
8.5,24.7
8.516666666666667,26.1
8.583333333333334,24.7
8.6,26.1
8.666666666666666,24.7
8.683333333333334,26.1
8.75,24.8
8.766666666666667,26.1
8.833333333333334,24.8
8.85,26.1
8.916666666666666,24.9
8.933333333333334,26.1
9.0,24.9
9.016666666666667,26.0
9.083333333333334,24.9
9.1,26.0
9.166666666666666,24.9
9.183333333333334,26.0
9.25,24.9
9.266666666666667,26.0
9.333333333333334,25.0
9.35,26.0
9.416666666666666,25.0
9.433333333333334,26.0
9.5,25.0
9.516666666666667,26.0
9.583333333333334,25.0
9.6,26.0
9.666666666666666,25.0
9.683333333333334,25.9
9.75,25.0
9.766666666666667,25.9
9.833333333333334,25.0
9.85,25.9
9.916666666666666,25.0
9.933333333333334,25.9
10.0,25.1
10.016666666666667,25.9
10.083333333333334,25.1
10.1,25.9
10.166666666666666,25.1
10.183333333333334,25.9
10.25,25.2
10.266666666666667,25.9
10.333333333333334,25.2
10.35,25.9
10.416666666666666,25.2
10.433333333333334,25.9
10.5,25.2
10.516666666666667,25.9
10.583333333333334,25.2
10.6,25.9
10.666666666666666,25.2
10.683333333333334,25.9
10.75,25.3
10.766666666666667,25.9
10.833333333333334,25.3
10.85,25.9
10.916666666666666,25.3
10.933333333333334,25.9
11.0,25.3
11.016666666666667,25.9
11.083333333333334,25.4
11.1,25.9
11.166666666666666,25.4
11.183333333333334,25.9
11.25,25.4
11.266666666666667,25.9
11.333333333333334,25.4
11.35,25.9
11.416666666666666,25.4
11.433333333333334,25.9
11.5,25.4
11.516666666666667,25.9
11.583333333333334,25.4
11.6,25.9
11.666666666666666,25.5
11.683333333333334,25.9
11.75,25.5
11.766666666666667,25.9
11.833333333333334,25.6
11.85,25.9
11.916666666666666,25.6
11.933333333333334,25.9
12.0,25.6
12.016666666666667,25.9
12.083333333333334,25.6
12.1,25.9
12.166666666666666,25.7
12.183333333333334,25.9
12.25,25.7
12.266666666666667,25.8
12.333333333333334,25.7
12.35,25.8
12.416666666666666,25.7
12.433333333333334,25.8
12.5,25.7
12.516666666666667,25.8
12.583333333333334,25.8
12.6,25.8
12.666666666666666,25.8
12.683333333333334,25.8
12.75,25.9
12.766666666666667,25.8
12.833333333333334,25.9
12.85,25.8
12.916666666666666,25.9
12.933333333333334,25.8
13.0,25.9
13.016666666666667,25.8
13.083333333333334,26.0
13.1,25.8
13.166666666666666,26.0
13.183333333333334,25.8
13.25,26.1
13.266666666666667,25.8
13.333333333333334,26.1
13.35,25.7
13.416666666666666,26.1
13.433333333333334,25.7
13.5,26.2
13.516666666666667,25.7
13.583333333333334,26.2
13.6,25.7
13.666666666666666,26.3
13.683333333333334,25.7
13.75,26.3
13.766666666666667,25.7
13.833333333333334,26.3
13.85,25.7
13.916666666666666,26.3
13.933333333333334,25.7
14.0,26.3
14.016666666666667,25.7
14.083333333333334,26.4
14.1,25.7
14.166666666666666,26.5
14.183333333333334,25.6
14.25,26.5
14.266666666666667,25.6
14.333333333333334,26.5
14.35,25.6
14.416666666666666,26.5
14.433333333333334,25.6
14.5,26.5
14.516666666666667,25.6
14.583333333333334,26.5
14.6,25.6
14.666666666666666,26.5
14.683333333333334,25.5
14.75,26.5
14.766666666666667,25.5
14.833333333333334,26.5
14.85,25.5
14.916666666666666,26.6
14.933333333333334,25.5
15.0,26.6
15.016666666666667,25.4
15.083333333333334,26.6
15.1,25.4
15.166666666666666,26.7
15.183333333333334,25.4
15.25,26.7
15.266666666666667,25.4
15.333333333333334,26.7
15.35,25.4
15.416666666666666,26.7
15.433333333333334,25.4
15.5,26.7
15.516666666666667,25.4
15.583333333333334,26.7
15.6,25.5
15.666666666666666,26.7
15.683333333333334,25.5
15.75,26.7
15.766666666666667,25.5
15.833333333333334,26.8
15.85,25.5
15.916666666666666,26.8
15.933333333333334,25.4
16.0,26.8
16.016666666666666,25.4
16.083333333333332,26.8
16.1,25.4
16.166666666666668,26.8
16.183333333333334,25.4
16.25,26.8
16.266666666666666,25.4
16.333333333333332,26.8
16.35,25.4
16.416666666666668,26.8
16.433333333333334,25.4
16.5,26.8
16.516666666666666,25.4
16.583333333333332,26.8
16.6,25.4
16.666666666666668,26.8
16.683333333333334,25.4
16.75,26.9
16.766666666666666,25.4
16.833333333333332,26.9
16.85,25.4
16.916666666666668,26.9
16.933333333333334,25.4
17.0,26.9
17.016666666666666,25.4
17.083333333333332,26.9
17.1,25.4
17.166666666666668,26.9
17.183333333333334,25.3
17.25,26.9
17.266666666666666,25.3
17.333333333333332,26.9
17.35,25.3
17.416666666666668,26.9
17.433333333333334,25.3
17.5,26.9
17.516666666666666,25.3
17.583333333333332,26.9
17.6,25.3
17.666666666666668,26.9
17.683333333333334,25.3
17.75,26.9
17.766666666666666,25.1
17.833333333333332,26.9
17.85,25.2
17.916666666666668,26.9
17.933333333333334,25.1
18.0,26.9
18.016666666666666,25.1
18.083333333333332,26.9
18.1,25.1
18.166666666666668,26.9
18.183333333333334,25.1
18.25,26.9
18.266666666666666,25.1
18.333333333333332,26.9
18.35,25.1
18.416666666666668,26.9
18.433333333333334,25.1
18.5,26.9
18.516666666666666,25.1
18.583333333333332,26.9
18.6,25.1
18.666666666666668,26.9
18.683333333333334,25.1
18.75,26.9
18.766666666666666,25.0
18.833333333333332,26.9
18.85,25.0
18.916666666666668,26.9
18.933333333333334,25.0
19.0,26.9
19.016666666666666,25.0
19.083333333333332,26.9
19.1,25.0
19.166666666666668,26.9
19.183333333333334,25.0
19.25,26.9
19.266666666666666,25.0
19.333333333333332,26.9
19.35,25.0
19.416666666666668,26.9
19.433333333333334,25.0
19.5,26.9
19.516666666666666,24.9
19.583333333333332,26.8
19.6,24.9
19.666666666666668,26.8
19.683333333333334,24.9
19.75,26.8
19.766666666666666,24.9
19.833333333333332,26.7
19.85,24.9
19.916666666666668,26.7
19.933333333333334,24.9
20.0,26.7
20.016666666666666,24.9
20.083333333333332,26.7
20.1,24.8
20.166666666666668,26.7
20.183333333333334,24.8
20.25,26.7
20.266666666666666,24.8
20.333333333333332,26.7
20.35,24.8
20.416666666666668,26.7
20.433333333333334,24.8
20.5,26.7
20.516666666666666,24.7
20.583333333333332,26.7
20.6,24.7
20.666666666666668,26.7
20.683333333333334,24.7
20.75,26.7
20.766666666666666,24.7
20.833333333333332,26.7
20.85,24.7
20.916666666666668,26.7
20.933333333333334,24.8
21.0,26.6
21.016666666666666,24.8
21.083333333333332,26.6
21.1,24.9
21.166666666666668,26.6
21.183333333333334,24.9
21.25,26.6
21.266666666666666,24.9
21.333333333333332,26.6
21.35,24.9
21.416666666666668,26.6
21.433333333333334,24.9
21.5,26.5
21.516666666666666,25.0
21.583333333333332,26.5
21.6,25.0
21.666666666666668,26.5
21.683333333333334,25.0
21.75,26.5
21.766666666666666,25.0
21.833333333333332,26.5
21.85,25.0
21.916666666666668,26.5
21.933333333333334,25.0
22.0,26.5
22.016666666666666,25.0
22.083333333333332,26.5
22.1,25.0
22.166666666666668,26.5
22.183333333333334,25.1
22.25,26.5
22.266666666666666,25.1
22.333333333333332,26.4
22.35,25.1
22.416666666666668,26.4
22.433333333333334,25.2
22.5,26.4
22.516666666666666,25.2
22.583333333333332,26.4
22.6,25.2
22.666666666666668,26.4
22.683333333333334,25.2
22.75,26.4
22.766666666666666,25.2
22.833333333333332,26.4
22.85,25.2
22.916666666666668,26.4
22.933333333333334,25.3
23.0,26.4
23.016666666666666,25.3
23.083333333333332,26.4
23.1,25.3
23.166666666666668,26.3
23.183333333333334,25.3
23.25,26.3
23.266666666666666,25.4
23.333333333333332,26.3
23.35,25.4
23.416666666666668,26.3
23.433333333333334,25.4
23.5,26.3
23.516666666666666,25.4
23.583333333333332,26.3
23.6,25.4
23.666666666666668,26.3
23.683333333333334,25.4
23.75,26.3
23.766666666666666,25.4
23.833333333333332,26.3
23.85,25.5
23.916666666666668,26.3
23.933333333333334,25.5

