0.03333333333333333,24.5
0.05,23.5
0.11666666666666667,24.6
0.13333333333333333,23.5
0.2,24.5
0.21666666666666667,23.5
0.2833333333333333,24.5
0.3,23.5
0.36666666666666664,24.6
0.38333333333333336,23.5
0.45,24.6
0.4666666666666667,23.5
0.5333333333333333,24.6
0.55,23.5
0.6166666666666667,24.6
0.6333333333333333,23.5
0.7,24.6
0.7166666666666667,23.5
0.7833333333333333,24.6
0.8,23.5
0.8666666666666667,24.8
0.8833333333333333,23.5
0.95,24.8
0.9666666666666667,23.6
1.0333333333333334,24.8
1.05,23.7
1.1166666666666667,24.8
1.1333333333333333,23.7
1.2,24.8
1.2166666666666668,23.6
1.2833333333333332,24.8
1.3,23.6
1.3666666666666667,24.8
1.3833333333333333,23.5
1.45,24.8
1.4666666666666668,23.5
1.5333333333333332,24.8
1.55,23.5
1.6166666666666667,24.8
1.6333333333333333,23.5
1.7,24.8
1.7166666666666668,23.5
1.7833333333333332,24.8
1.8,23.5
1.8666666666666667,24.8
1.8833333333333333,23.5
1.95,24.8
1.9666666666666668,23.5
2.033333333333333,24.8
2.05,23.5
2.1166666666666667,24.8
2.1333333333333333,23.5
2.2,24.8
2.216666666666667,23.5
2.283333333333333,24.8
2.3,23.5
2.3666666666666667,24.8
2.3833333333333333,23.5
2.45,24.8
2.466666666666667,23.5
2.533333333333333,24.8
2.55,23.5
2.6166666666666667,24.8
2.6333333333333333,23.5
2.7,24.8
2.716666666666667,23.5
2.783333333333333,24.8
2.8,23.5
2.8666666666666667,24.8
2.8833333333333333,23.5
2.95,24.8
2.966666666666667,22.6
3.033333333333333,24.8
3.05,22.6
3.1166666666666667,24.8
3.1333333333333333,22.6
3.2,24.8
3.216666666666667,22.6
3.283333333333333,24.8
3.3,22.6
3.3666666666666667,24.8
3.3833333333333333,22.6
3.45,24.8
3.466666666666667,22.6
3.533333333333333,24.8
3.55,22.6
3.6166666666666667,24.8
3.6333333333333333,22.6
3.7,24.8
3.716666666666667,22.6
3.783333333333333,24.8
3.8,22.6
3.8666666666666667,24.8
3.8833333333333333,22.6
3.95,24.8
3.966666666666667,22.6
4.033333333333333,24.8
4.05,22.6
4.116666666666666,24.8
4.133333333333334,22.6
4.2,24.8
4.216666666666667,22.6
4.283333333333333,24.8
4.3,22.6
4.366666666666666,24.8
4.383333333333334,22.6
4.45,24.6
4.466666666666667,22.6
4.533333333333333,24.6
4.55,22.6
4.616666666666667,24.6
4.633333333333333,23.5
4.7,24.5
4.716666666666667,23.5
4.783333333333333,24.5
4.8,23.5
4.866666666666667,24.5
4.883333333333333,23.5
4.95,24.5
4.966666666666667,23.5
5.033333333333333,24.5
5.05,23.5
5.116666666666666,24.5
5.133333333333334,23.5
5.2,24.5
5.216666666666667,23.5
5.283333333333333,24.5
5.3,23.5
5.366666666666666,24.5
5.383333333333334,23.5
5.45,24.5
5.466666666666667,23.5
5.533333333333333,24.5
5.55,23.5
5.616666666666667,24.5
5.633333333333333,23.5
5.7,24.5
5.716666666666667,23.5
5.783333333333333,24.5
5.8,23.5
5.866666666666667,24.5
5.883333333333333,23.5
5.95,24.5
5.966666666666667,23.5
6.033333333333333,24.5
6.05,23.5
6.116666666666666,24.5
6.133333333333334,23.5
6.2,24.5
6.216666666666667,23.5
6.283333333333333,24.5
6.3,23.5
6.366666666666666,24.5
6.383333333333334,23.6
6.45,24.5
6.466666666666667,23.6
6.533333333333333,24.5
6.55,23.6
6.616666666666667,24.5
6.633333333333333,23.6
6.7,24.5
6.716666666666667,23.6
6.783333333333333,24.5
6.8,23.7
6.866666666666667,24.5
6.883333333333333,23.7
6.95,24.5
6.966666666666667,23.7
7.033333333333333,24.5
7.05,23.7
7.116666666666666,24.5
7.133333333333334,23.8
7.2,24.5
7.216666666666667,23.8
7.283333333333333,24.5
7.3,23.8
7.366666666666666,24.1
7.383333333333334,23.8
7.45,24.1
7.466666666666667,23.8
7.533333333333333,24.1
7.55,23.7
7.616666666666667,24.1
7.633333333333333,23.7
7.7,24.1
7.716666666666667,23.6
7.783333333333333,24.1
7.8,23.6
7.866666666666667,24.1
7.883333333333333,23.6
7.95,24.1
7.966666666666667,23.6
8.033333333333333,24.1
8.05,23.6
8.116666666666667,24.1
8.133333333333333,23.5
8.2,24.1
8.216666666666667,23.5
8.283333333333333,24.1
8.3,23.5
8.366666666666667,24.1
8.383333333333333,23.5
8.45,24.5
8.466666666666667,23.5
8.533333333333333,24.5
8.55,23.5
8.616666666666667,24.5
8.633333333333333,23.5
8.7,24.5
8.716666666666667,23.5
8.783333333333333,24.5
8.8,23.5
8.866666666666667,24.5
8.883333333333333,23.5
8.95,24.5
8.966666666666667,23.5
9.033333333333333,24.5
9.05,23.5
9.116666666666667,24.5
9.133333333333333,23.5
9.2,24.5
9.216666666666667,23.5
9.283333333333333,24.5
9.3,22.6
9.366666666666667,24.5
9.383333333333333,22.6
9.45,24.5
9.466666666666667,22.6
9.533333333333333,24.5
9.55,22.6
9.616666666666667,24.5
9.633333333333333,22.6
9.7,24.5
9.716666666666667,22.6
9.783333333333333,24.5
9.8,23.5
9.866666666666667,24.5
9.883333333333333,23.5
9.95,24.5
9.966666666666667,23.6
10.033333333333333,24.6
10.05,23.7
10.116666666666667,24.6
10.133333333333333,23.7
10.2,24.6
10.216666666666667,23.6
10.283333333333333,24.7
10.3,23.6
10.366666666666667,24.7
10.383333333333333,23.6
10.45,24.7
10.466666666666667,23.8
10.533333333333333,24.8
10.55,23.8
10.616666666666667,24.9
10.633333333333333,23.9
10.7,24.9
10.716666666666667,23.9
10.783333333333333,25.0
10.8,23.8
10.866666666666667,25.0
10.883333333333333,23.8
10.95,25.0
10.966666666666667,23.8
11.033333333333333,25.0
11.05,23.9
11.116666666666667,25.1
11.133333333333333,23.9
11.2,25.1
11.216666666666667,24.0
11.283333333333333,25.1
11.3,24.0
11.366666666666667,25.1
11.383333333333333,24.1
11.45,25.1
11.466666666666667,24.1
11.533333333333333,25.1
11.55,24.1
11.616666666666667,25.2
11.633333333333333,24.1
11.7,25.2
11.716666666666667,24.1
11.783333333333333,25.3
11.8,24.1
11.866666666666667,25.3
11.883333333333333,24.5
11.95,25.3
11.966666666666667,24.5
12.033333333333333,25.4
12.05,24.5
12.116666666666667,25.4
12.133333333333333,24.5
12.2,25.4
12.216666666666667,24.5
12.283333333333333,25.4
12.3,24.6
12.366666666666667,25.6
12.383333333333333,24.5
12.45,25.6
12.466666666666667,24.5
12.533333333333333,25.6
12.55,24.6
12.616666666666667,25.7
12.633333333333333,24.6
12.7,25.8
12.716666666666667,24.6
12.783333333333333,25.9
12.8,24.6
12.866666666666667,26.0
12.883333333333333,24.6
12.95,26.0
12.966666666666667,24.6
13.033333333333333,25.6
13.05,24.8
13.116666666666667,25.4
13.133333333333333,24.8
13.2,25.1
13.216666666666667,24.8
13.283333333333333,24.8
13.3,24.8
13.366666666666667,24.6
13.383333333333333,24.8
13.45,24.6
13.466666666666667,24.8
13.533333333333333,24.6
13.55,24.8
13.616666666666667,24.5
13.633333333333333,24.8
13.7,24.1
13.716666666666667,24.8
13.783333333333333,23.9
13.8,24.8
13.866666666666667,23.9
13.883333333333333,24.8
13.95,23.9
13.966666666666667,24.8
14.033333333333333,23.9
14.05,24.8
14.116666666666667,23.9
14.133333333333333,24.8
14.2,23.8
14.216666666666667,24.8
14.283333333333333,23.6
14.3,24.8
14.366666666666667,23.6
14.383333333333333,24.8
14.45,23.8
14.466666666666667,24.8
14.533333333333333,23.8
14.55,24.8
14.616666666666667,23.7
14.633333333333333,24.8
14.7,23.7
14.716666666666667,24.8
14.783333333333333,23.7
14.8,24.8
14.866666666666667,23.8
14.883333333333333,24.8
14.95,23.8
14.966666666666667,24.8
15.033333333333333,23.8
15.05,24.8
15.116666666666667,23.7
15.133333333333333,24.8
15.2,23.6
15.216666666666667,24.8
15.283333333333333,23.7
15.3,24.8
15.366666666666667,23.8
15.383333333333333,24.8
15.45,23.8
15.466666666666667,24.8
15.533333333333333,23.6
15.55,24.8
15.616666666666667,23.6
15.633333333333333,24.8
15.7,23.6
15.716666666666667,24.8
15.783333333333333,23.7
15.8,24.8
15.866666666666667,23.7
15.883333333333333,24.8
15.95,23.7
15.966666666666667,24.8
16.033333333333335,23.6
16.05,24.8
16.116666666666667,23.6
16.133333333333333,24.8
16.2,23.8
16.216666666666665,24.8
16.283333333333335,23.9
16.3,24.8
16.366666666666667,24.0
16.383333333333333,24.8
16.45,24.1
16.466666666666665,24.8
16.533333333333335,24.5
16.55,24.8
16.616666666666667,24.6
16.633333333333333,24.6
16.7,24.8
16.716666666666665,24.6
16.783333333333335,24.9
16.8,24.6
16.866666666666667,25.0
16.883333333333333,24.5
16.95,25.1
16.966666666666665,24.5
17.033333333333335,25.1
17.05,24.5
17.116666666666667,25.2
17.133333333333333,24.5
17.2,25.3
17.216666666666665,24.5
17.283333333333335,25.3
17.3,24.5
17.366666666666667,25.4
17.383333333333333,24.5
17.45,25.4
17.466666666666665,24.5
17.533333333333335,25.4
17.55,24.5
17.616666666666667,25.4
17.633333333333333,24.5
17.7,25.6
17.783333333333335,25.6
17.8,24.5
17.866666666666667,25.6
17.883333333333333,24.5
17.95,25.6
17.966666666666665,24.5
18.033333333333335,25.7
18.05,24.5
18.116666666666667,25.7
18.133333333333333,24.5
18.2,25.8
18.216666666666665,24.5
18.283333333333335,25.8
18.3,24.5
18.366666666666667,25.9
18.383333333333333,24.5
18.45,25.9
18.466666666666665,24.5
18.533333333333335,26.0
18.55,24.5
18.616666666666667,26.0
18.633333333333333,24.5
18.7,26.1
18.716666666666665,24.5
18.783333333333335,26.1
18.8,24.5
18.866666666666667,26.1
18.883333333333333,24.5
18.95,26.1
18.966666666666665,24.5
19.033333333333335,26.1
19.05,24.5
19.116666666666667,26.1
19.133333333333333,24.5
19.2,26.2
19.216666666666665,24.5
19.283333333333335,26.2
19.3,24.5
19.366666666666667,26.2
19.383333333333333,24.5
19.45,26.2
19.466666666666665,24.5
19.533333333333335,26.2
19.55,24.1
19.616666666666667,26.2
19.633333333333333,24.1
19.7,26.2
19.716666666666665,24.1
19.783333333333335,26.2
19.8,24.1
19.866666666666667,26.2
19.883333333333333,24.1
19.95,26.2
19.966666666666665,24.1
20.033333333333335,26.2
20.05,24.1
20.116666666666667,26.2
20.133333333333333,24.1
20.2,26.2
20.216666666666665,24.1
20.283333333333335,26.2
20.3,24.1
20.366666666666667,26.2
20.383333333333333,24.1
20.45,26.2
20.466666666666665,24.1
20.533333333333335,26.2
20.55,24.1
20.616666666666667,26.2
20.633333333333333,24.5
20.7,26.2
20.716666666666665,24.5
20.783333333333335,26.2
20.8,24.5
20.866666666666667,26.2
20.883333333333333,24.5
20.95,26.2
20.966666666666665,24.5
21.033333333333335,26.2
21.05,24.5
21.116666666666667,26.2
21.133333333333333,24.5
21.2,26.2
21.216666666666665,24.5
21.283333333333335,26.2
21.3,24.5
21.366666666666667,26.2
21.383333333333333,24.5
21.45,26.1
21.466666666666665,24.5
21.533333333333335,26.1
21.55,24.5
21.616666666666667,26.1
21.633333333333333,24.5
21.7,26.1
21.716666666666665,24.5
21.783333333333335,26.1
21.8,24.5
21.866666666666667,26.1
21.883333333333333,24.5
21.95,26.1
21.966666666666665,24.5
22.033333333333335,26.1
22.05,24.5
22.116666666666667,26.1
22.133333333333333,24.5
22.2,26.1
22.216666666666665,24.6
22.283333333333335,26.1
22.3,24.6
22.366666666666667,26.1
22.383333333333333,24.6
22.45,26.1
22.466666666666665,24.7
22.533333333333335,26.0
22.55,24.7
22.616666666666667,26.0
22.633333333333333,24.7
22.7,26.0
22.716666666666665,24.8
22.783333333333335,25.9
22.8,24.9
22.866666666666667,26.0
22.883333333333333,24.9
22.95,25.9
22.966666666666665,25.0
23.033333333333335,25.9
23.05,25.0
23.116666666666667,25.9
23.133333333333333,25.0
23.2,25.8
23.216666666666665,25.0
23.283333333333335,25.8
23.3,25.1
23.366666666666667,25.8
23.383333333333333,25.1
23.45,25.8
23.466666666666665,25.1
23.533333333333335,25.8
23.55,25.1
23.616666666666667,25.8
23.633333333333333,25.1
23.7,25.8
23.716666666666665,25.1
23.783333333333335,25.8
23.8,25.2
23.866666666666667,25.8
23.883333333333333,25.2
23.95,25.8
23.966666666666665,25.3

