0.0,23.2
0.05,24.2
0.08333333333333333,23.3
0.13333333333333333,24.2
0.16666666666666666,23.3
0.21666666666666667,24.2
0.25,23.4
0.3,24.2
0.3333333333333333,23.4
0.38333333333333336,24.2
0.4166666666666667,23.4
0.4666666666666667,24.2
0.5,23.4
0.55,24.2
0.5833333333333334,23.5
0.6333333333333333,24.2
0.6666666666666666,23.6
0.7166666666666667,24.2
0.75,23.6
0.8,24.2
0.8333333333333334,23.6
0.8833333333333333,24.2
0.9166666666666666,23.6
0.9666666666666667,24.2
1.0,23.7
1.05,24.2
1.0833333333333333,23.7
1.1333333333333333,24.2
1.1666666666666667,23.8
1.2166666666666668,24.2
1.25,23.8
1.3,24.2
1.3333333333333333,23.8
1.3833333333333333,24.3
1.4166666666666667,23.8
1.4666666666666668,24.3
1.5,23.8
1.55,24.3
1.5833333333333335,24.1
1.6333333333333333,24.3
1.6666666666666665,24.1
1.7166666666666668,24.3
1.75,24.1
1.8,24.3
1.8333333333333335,24.2
1.8833333333333333,24.4
1.9166666666666665,24.2
1.9666666666666668,24.4
2.0,24.2
2.05,24.4
2.0833333333333335,24.2
2.1333333333333333,24.4
2.1666666666666665,24.2
2.216666666666667,24.4
2.25,24.2
2.3,24.4
2.3333333333333335,24.2
2.3833333333333333,24.3
2.4166666666666665,24.2
2.466666666666667,24.3
2.5,24.2
2.55,24.3
2.5833333333333335,24.2
2.6333333333333333,24.3
2.6666666666666665,24.2
2.716666666666667,24.3
2.75,24.2
2.8,24.2
2.8333333333333335,24.2
2.8833333333333333,24.2
2.9166666666666665,24.2
2.966666666666667,24.2
3.0,24.2
3.05,24.2
3.0833333333333335,24.2
3.1333333333333333,24.2
3.1666666666666665,24.2
3.216666666666667,24.2
3.25,24.2
3.3,24.2
3.3333333333333335,24.2
3.3833333333333333,24.1
3.4166666666666665,24.2
3.466666666666667,24.1
3.5,24.2
3.55,24.1
3.5833333333333335,24.2
3.6333333333333333,24.1
3.6666666666666665,24.2
3.716666666666667,24.1
3.75,24.2
3.8,24.1
3.8333333333333335,24.2
3.8833333333333333,24.1
3.9166666666666665,24.2
3.966666666666667,24.1
4.0,24.2
4.05,23.8
4.083333333333333,24.3
4.133333333333334,23.8
4.166666666666667,24.3
4.216666666666667,23.8
4.25,24.3
4.3,23.8
4.333333333333333,24.3
4.383333333333334,23.8
4.416666666666667,24.3
4.466666666666667,23.8
4.5,24.3
4.55,23.8
4.583333333333333,24.4
4.633333333333333,23.8
4.666666666666667,24.4
4.716666666666667,24.1
4.75,24.4
4.8,24.1
4.833333333333333,24.4
4.883333333333333,24.1
4.916666666666667,24.4
4.966666666666667,24.1
5.0,24.4
5.05,24.1
5.083333333333333,24.3
5.133333333333334,24.1
5.166666666666667,24.3
5.216666666666667,24.1
5.25,24.3
5.3,24.2
5.333333333333333,24.3
5.383333333333334,24.2
5.416666666666667,24.3
5.466666666666667,24.2
5.5,24.2
5.55,24.2
5.583333333333333,24.2
5.633333333333333,24.2
5.666666666666667,24.2
5.716666666666667,24.2
5.75,24.2
5.8,24.2
5.833333333333333,24.2
5.883333333333333,24.2
5.916666666666667,24.2
5.966666666666667,24.2
6.0,24.2
6.05,24.2
6.083333333333333,24.1
6.133333333333334,24.2
6.166666666666667,24.1
6.216666666666667,24.2
6.25,24.1
6.3,24.1
6.333333333333333,24.1
6.383333333333334,23.8
6.416666666666667,24.1
6.466666666666667,23.8
6.5,24.1
6.55,23.8
6.583333333333333,24.1
6.633333333333333,23.8
6.666666666666667,24.1
6.716666666666667,23.6
6.75,23.8
6.8,23.4
6.833333333333333,23.8
6.883333333333333,23.4
6.916666666666667,23.8
6.966666666666667,23.4
7.0,23.8
7.05,23.4
7.083333333333333,23.8
7.133333333333334,23.4
7.166666666666667,23.8
7.216666666666667,23.4
7.25,23.8
7.3,23.4
7.333333333333333,23.8
7.383333333333334,23.4
7.416666666666667,24.1
7.466666666666667,23.4
7.5,24.1
7.55,23.3
7.583333333333333,24.1
7.633333333333333,23.2
7.666666666666667,24.1
7.716666666666667,23.1
7.75,24.1
7.8,23.1
7.833333333333333,24.1
7.883333333333333,23.2
7.916666666666667,24.1
7.966666666666667,23.2
8.0,24.2
8.05,23.3
8.083333333333334,24.2
8.133333333333333,23.3
8.166666666666666,24.2
8.216666666666667,23.3
8.25,24.2
8.3,23.2
8.333333333333334,24.2
8.383333333333333,23.1
8.416666666666666,24.2
8.466666666666667,23.1
8.5,24.2
8.55,23.2
8.583333333333334,24.2
8.633333333333333,23.3
8.666666666666666,24.2
8.716666666666667,23.4
8.75,24.2
8.8,23.3
8.833333333333334,24.2
8.883333333333333,23.2
8.916666666666666,24.2
8.966666666666667,23.2
9.0,24.1
9.05,23.3
9.083333333333334,23.8
9.133333333333333,23.4
9.166666666666666,23.8
9.216666666666667,23.4
9.25,23.8
9.3,23.3
9.333333333333334,23.8
9.383333333333333,23.1
9.416666666666666,23.6
9.466666666666667,23.1
9.5,23.4
9.55,23.2
9.583333333333334,23.4
9.633333333333333,23.3
9.666666666666666,23.4
9.716666666666667,23.3
9.75,23.4
9.8,23.1
9.833333333333334,23.4
9.883333333333333,23.1
9.916666666666666,23.4
9.966666666666667,23.2
10.0,23.4
10.05,23.3
10.083333333333334,23.4
10.133333333333333,23.4
10.166666666666666,23.4
10.216666666666667,23.3
10.25,23.3
10.3,23.1
10.333333333333334,23.2
10.383333333333333,23.1
10.416666666666666,23.1
10.466666666666667,23.1
10.5,23.1
10.55,23.3
10.583333333333334,23.2
10.633333333333333,23.3
10.666666666666666,23.2
10.716666666666667,23.1
10.75,23.3
10.8,23.1
10.833333333333334,23.3
10.883333333333333,23.1
10.916666666666666,23.3
10.966666666666667,23.3
11.0,23.2
11.05,23.3
11.083333333333334,23.1
11.133333333333333,23.1
11.166666666666666,23.1
11.216666666666667,23.1
11.25,23.2
11.3,23.1
11.333333333333334,23.3
11.383333333333333,23.1
11.416666666666666,23.4
11.466666666666667,23.3
11.5,23.3
11.55,23.2
11.583333333333334,23.2
11.633333333333333,23.1
11.666666666666666,23.2
11.716666666666667,23.1
11.75,23.3
11.8,23.1
11.833333333333334,23.4
11.883333333333333,23.2
11.916666666666666,23.4
11.966666666666667,23.3
12.0,23.3
12.05,23.1
12.083333333333334,23.1
12.133333333333333,23.1
12.166666666666666,23.1
12.216666666666667,23.1
12.25,23.2
12.3,23.2
12.333333333333334,23.3
12.383333333333333,23.3
12.416666666666666,23.3
12.466666666666667,23.2
12.5,23.1
12.55,23.1
12.583333333333334,23.1
12.633333333333333,23.1
12.666666666666666,23.2
12.716666666666667,23.3
12.75,23.3
12.8,23.3
12.833333333333334,23.4
12.883333333333333,23.3
12.916666666666666,23.3
12.966666666666667,23.2
13.0,23.1
13.05,23.2
13.083333333333334,23.1
13.133333333333333,23.3
13.166666666666666,23.1
13.216666666666667,23.4
13.25,23.3
13.3,23.4
13.333333333333334,23.3
13.383333333333333,23.4
13.416666666666666,23.1
13.466666666666667,23.2
13.5,23.1
13.55,23.1
13.583333333333334,23.1
13.633333333333333,23.1
13.666666666666666,23.3
13.716666666666667,23.1
13.75,23.3
13.8,22.3
13.833333333333334,23.1
13.883333333333333,22.3
13.916666666666666,23.1
13.966666666666667,22.3
14.0,23.1
14.05,22.3
14.083333333333334,23.1
14.133333333333333,22.3
14.166666666666666,23.3
14.216666666666667,22.3
14.25,23.2
14.3,22.3
14.333333333333334,23.1
14.383333333333333,22.3
14.416666666666666,23.1
14.466666666666667,22.3
14.5,23.1
14.55,22.3
14.583333333333334,23.2
14.633333333333333,22.3
14.666666666666666,23.3
14.716666666666667,22.3
14.75,23.1
14.8,22.3
14.833333333333334,23.1
14.883333333333333,22.3
14.916666666666666,23.1
14.966666666666667,22.3
15.0,23.2
15.05,22.3
15.083333333333334,23.3
15.133333333333333,22.3
15.166666666666666,23.2
15.216666666666667,22.3
15.25,23.1
15.3,22.3
15.333333333333334,23.1
15.383333333333333,22.3
15.416666666666666,23.3
15.466666666666667,22.3
15.5,23.3
15.55,22.3
15.583333333333334,23.3
15.633333333333333,22.3
15.666666666666666,23.2
15.716666666666667,22.3
15.75,23.2
15.8,22.3
15.833333333333334,23.3
15.883333333333333,22.3
15.916666666666666,23.4
15.966666666666667,22.3
16.0,23.4
16.05,22.3
16.083333333333332,23.4
16.133333333333333,22.3
16.166666666666668,23.2
16.216666666666665,22.3
16.25,23.1
16.3,23.1
16.333333333333332,23.1
16.383333333333333,23.1
16.416666666666668,23.1
16.466666666666665,23.3
16.5,22.3
16.55,23.4
16.583333333333332,22.3
16.633333333333333,23.3
16.666666666666668,22.3
16.716666666666665,23.3
16.75,22.3
16.8,23.3
16.833333333333332,22.3
16.883333333333333,23.4
16.916666666666668,22.3
16.966666666666665,23.5
17.0,22.3
17.05,23.4
17.083333333333332,22.3
17.133333333333333,23.4
17.166666666666668,22.3
17.216666666666665,23.4
17.25,22.3
17.3,23.5
17.333333333333332,22.3
17.383333333333333,23.6
17.416666666666668,22.3
17.466666666666665,23.6
17.5,22.3
17.55,23.4
17.583333333333332,22.3
17.633333333333333,23.4
17.666666666666668,22.3
17.716666666666665,23.4
17.75,22.3
17.8,23.5
17.833333333333332,22.3
17.883333333333333,23.6
17.916666666666668,22.3
17.966666666666665,23.6
18.0,22.3
18.05,23.6
18.083333333333332,22.3
18.133333333333333,23.6
18.166666666666668,22.3
18.216666666666665,23.6
18.25,22.3
18.3,23.8
18.333333333333332,22.3
18.383333333333333,24.2
18.416666666666668,22.3
18.466666666666665,24.5
18.5,22.3
18.55,24.5
18.583333333333332,22.3
18.633333333333333,24.3
18.666666666666668,22.3
18.716666666666665,24.3
18.75,22.3
18.8,24.4
18.833333333333332,22.3
18.883333333333333,24.5
18.916666666666668,22.3
18.966666666666665,24.6
19.0,23.1
19.05,24.6
19.083333333333332,23.1
19.133333333333333,24.6
19.166666666666668,23.3
19.216666666666665,24.5
19.25,23.4
19.3,24.5
19.333333333333332,23.3
19.383333333333333,24.5
19.416666666666668,23.3
19.466666666666665,24.5
19.5,23.3
19.55,24.6
19.583333333333332,23.4
19.633333333333333,24.6
19.666666666666668,23.5
19.716666666666665,24.6
19.75,23.4
19.8,24.8
19.833333333333332,23.4
19.883333333333333,24.8
19.916666666666668,23.4
19.966666666666665,24.8
20.0,23.5
20.05,24.8
20.083333333333332,23.6
20.133333333333333,24.9
20.166666666666668,23.6
20.216666666666665,25.0
20.25,23.4
20.3,25.1
20.333333333333332,23.4
20.383333333333333,25.1
20.416666666666668,23.4
20.466666666666665,25.0
20.5,23.5
20.55,24.8
20.583333333333332,23.6
20.633333333333333,24.6
20.666666666666668,23.6
20.716666666666665,24.5
20.75,23.6
20.8,24.1
20.833333333333332,23.6
20.883333333333333,23.7
20.916666666666668,23.6
20.966666666666665,23.4
21.0,23.8
21.05,23.3
21.083333333333332,24.2
21.133333333333333,23.1
21.166666666666668,24.5
21.216666666666665,23.1
21.25,24.5
21.3,23.1
21.333333333333332,24.3
21.383333333333333,23.1
21.416666666666668,24.3
21.466666666666665,22.3
21.5,24.4
21.55,22.3
21.583333333333332,24.5
21.633333333333333,22.3
21.666666666666668,24.6
21.716666666666665,22.3
21.75,24.6
21.8,22.3
21.833333333333332,24.6
21.883333333333333,23.1
21.916666666666668,24.5
21.966666666666665,23.1
22.0,24.5
22.05,23.1
22.083333333333332,24.5
22.133333333333333,23.1
22.166666666666668,24.5
22.216666666666665,23.1
22.25,24.6
22.3,23.2
22.333333333333332,24.6
22.383333333333333,23.3
22.416666666666668,24.6
22.466666666666665,23.4
22.5,24.8
22.55,23.4
22.583333333333332,24.8
22.633333333333333,23.4
22.666666666666668,24.8
22.716666666666665,23.5
22.75,24.8
22.8,23.6
22.833333333333332,24.9
22.883333333333333,23.6
22.916666666666668,25.0
22.966666666666665,23.6
23.0,25.1
23.05,23.7
23.083333333333332,25.1
23.133333333333333,23.8
23.166666666666668,25.0
23.216666666666665,23.8
23.25,24.8
23.3,23.8
23.333333333333332,24.6
23.383333333333333,23.8
23.416666666666668,24.5
23.466666666666665,23.8
23.5,24.1
23.55,24.1
23.583333333333332,23.7
23.633333333333333,24.1
23.666666666666668,23.4
23.716666666666665,24.1
23.75,23.3
23.8,24.2
23.833333333333332,23.1
23.883333333333333,24.2
23.916666666666668,23.1
23.966666666666665,24.2

