0.016666666666666666,24.6
0.06666666666666667,24.9
0.1,24.6
0.15,24.9
0.18333333333333332,24.6
0.23333333333333334,24.9
0.26666666666666666,24.6
0.31666666666666665,24.9
0.35,24.6
0.4,24.9
0.43333333333333335,24.6
0.48333333333333334,24.9
0.5166666666666667,24.6
0.5666666666666667,24.9
0.6,24.6
0.65,24.9
0.6833333333333333,24.6
0.7333333333333333,24.9
0.7666666666666667,24.6
0.8166666666666667,24.9
0.85,24.6
0.9,24.9
0.9333333333333333,24.6
0.9833333333333333,24.9
1.0166666666666666,24.6
1.0666666666666667,24.9
1.1,24.6
1.15,24.9
1.1833333333333333,24.6
1.2333333333333334,24.9
1.2666666666666666,24.6
1.3166666666666667,24.9
1.35,24.6
1.4,24.8
1.4333333333333333,24.6
1.4833333333333334,24.8
1.5166666666666666,24.6
1.5666666666666667,24.8
1.6,24.6
1.65,24.8
1.6833333333333333,24.6
1.7333333333333334,24.6
1.7666666666666666,24.6
1.8166666666666667,24.6
1.85,24.6
1.9,24.6
1.9333333333333333,24.6
1.9833333333333334,24.6
2.0166666666666666,24.6
2.066666666666667,24.6
2.1,24.6
2.15,24.6
2.183333333333333,24.6
2.2333333333333334,24.6
2.2666666666666666,24.6
2.3166666666666664,24.6
2.35,24.6
2.4,24.6
2.4333333333333336,24.6
2.4833333333333334,24.6
2.5166666666666666,24.6
2.5666666666666664,24.6
2.6,24.6
2.65,24.6
2.6833333333333336,24.6
2.7333333333333334,24.6
2.7666666666666666,24.6
2.8166666666666664,24.6
2.85,24.6
2.9,24.6
2.9333333333333336,24.6
2.9833333333333334,24.6
3.0166666666666666,24.5
3.066666666666667,24.6
3.1,24.6
3.15,24.6
3.183333333333333,24.6
3.2333333333333334,24.6
3.2666666666666666,24.6
3.3166666666666664,24.6
3.35,24.6
3.4,24.6
3.4333333333333336,24.6
3.4833333333333334,24.6
3.5166666666666666,24.6
3.5666666666666664,24.6
3.6,24.6
3.65,24.6
3.6833333333333336,24.6
3.7333333333333334,24.6
3.7666666666666666,24.6
3.8166666666666664,24.6
3.85,24.6
3.9,24.6
3.9333333333333336,24.6
3.9833333333333334,24.6
4.016666666666667,24.6
4.066666666666666,24.6
4.1,24.5
4.15,24.6
4.183333333333334,24.5
4.233333333333333,24.6
4.266666666666667,24.5
4.316666666666666,24.6
4.35,24.6
4.4,24.6
4.433333333333334,24.6
4.483333333333333,24.6
4.516666666666667,24.6
4.566666666666666,24.6
4.6,24.5
4.65,24.6
4.683333333333334,24.5
4.733333333333333,24.6
4.766666666666667,24.5
4.816666666666666,24.6
4.85,24.5
4.9,24.6
4.933333333333334,24.5
4.983333333333333,24.6
5.016666666666667,24.5
5.066666666666666,24.6
5.1,24.5
5.15,24.6
5.183333333333334,24.5
5.233333333333333,24.6
5.266666666666667,24.5
5.316666666666666,24.6
5.35,24.5
5.4,24.6
5.433333333333334,24.5
5.483333333333333,24.6
5.516666666666667,24.5
5.566666666666666,24.6
5.6,24.5
5.65,24.6
5.683333333333334,24.5
5.733333333333333,24.5
5.766666666666667,24.5
5.816666666666666,24.6
5.85,24.5
5.9,24.6
5.933333333333334,24.5
5.983333333333333,24.6
6.016666666666667,24.5
6.066666666666666,24.6
6.1,24.5
6.15,24.6
6.183333333333334,24.5
6.233333333333333,24.6
6.266666666666667,24.5
6.316666666666666,24.6
6.35,24.5
6.4,24.6
6.433333333333334,24.5
6.483333333333333,24.6
6.516666666666667,24.5
6.566666666666666,24.6
6.6,24.5
6.65,24.6
6.683333333333334,24.5
6.733333333333333,24.6
6.766666666666667,24.5
6.816666666666666,24.5
6.85,24.5
6.9,24.5
6.933333333333334,24.5
6.983333333333333,24.5
7.016666666666667,24.5
7.066666666666666,24.6
7.1,24.5
7.15,24.6
7.183333333333334,24.4
7.233333333333333,24.6
7.266666666666667,24.4
7.316666666666666,24.5
7.35,24.4
7.4,24.5
7.433333333333334,24.4
7.483333333333333,24.5
7.516666666666667,24.4
7.566666666666666,24.5
7.6,24.4
7.65,24.5
7.683333333333334,24.4
7.733333333333333,24.5
7.766666666666667,24.4
7.816666666666666,24.5
7.85,24.5
7.9,24.5
7.933333333333334,24.5
7.983333333333333,24.5
8.016666666666667,24.5
8.066666666666666,24.5
8.1,24.5
8.15,24.5
8.183333333333334,24.5
8.233333333333333,24.5
8.266666666666667,24.5
8.316666666666666,24.5
8.35,24.5
8.4,24.5
8.433333333333334,24.6
8.483333333333333,24.5
8.516666666666667,24.6
8.566666666666666,24.5
8.6,24.6
8.65,24.5
8.683333333333334,24.6
8.733333333333333,24.5
8.766666666666667,24.6
8.816666666666666,24.5
8.85,24.6
8.9,24.5
8.933333333333334,24.6
8.983333333333333,24.5
9.016666666666667,24.6
9.066666666666666,24.5
9.1,24.6
9.15,24.5
9.183333333333334,24.8
9.233333333333333,24.5
9.266666666666667,24.8
9.316666666666666,24.5
9.35,24.8
9.4,24.5
9.433333333333334,24.8
9.483333333333333,24.5
9.516666666666667,24.8
9.566666666666666,24.5
9.6,24.8
9.65,24.5
9.683333333333334,24.8
9.733333333333333,24.5
9.766666666666667,24.8
9.816666666666666,24.5
9.85,24.8
9.9,24.4
9.933333333333334,25.0
9.983333333333333,24.4
10.016666666666667,25.0
10.066666666666666,24.4
10.1,25.0
10.15,24.4
10.183333333333334,25.0
10.233333333333333,24.4
10.266666666666667,25.0
10.316666666666666,24.4
10.35,25.0
10.4,24.4
10.433333333333334,25.0
10.483333333333333,24.4
10.516666666666667,25.0
10.566666666666666,24.5
10.6,25.0
10.65,24.5
10.683333333333334,25.0
10.733333333333333,24.5
10.766666666666667,25.0
10.816666666666666,24.5
10.85,25.0
10.9,24.5
10.933333333333334,25.0
10.983333333333333,24.5
11.016666666666667,25.0
11.066666666666666,24.5
11.1,25.1
11.15,24.6
11.183333333333334,25.1
11.233333333333333,24.6
11.266666666666667,25.1
11.316666666666666,24.6
11.35,25.2
11.4,24.6
11.433333333333334,25.2
11.483333333333333,24.6
11.516666666666667,25.2
11.566666666666666,24.6
11.6,25.2
11.65,24.6
11.683333333333334,25.2
11.733333333333333,24.6
11.766666666666667,25.2
11.816666666666666,24.6
11.85,25.2
11.9,24.8
11.933333333333334,25.2
11.983333333333333,24.8
12.016666666666667,25.2
12.066666666666666,24.8
12.1,25.3
12.15,24.8
12.183333333333334,25.3
12.233333333333333,24.8
12.266666666666667,25.3
12.316666666666666,24.8
12.35,25.4
12.4,24.8
12.433333333333334,25.4
12.483333333333333,24.8
12.516666666666667,25.4
12.566666666666666,24.8
12.6,25.4
12.65,25.0
12.683333333333334,25.4
12.733333333333333,25.0
12.766666666666667,25.4
12.816666666666666,25.0
12.85,25.4
12.9,25.0
12.933333333333334,25.4
12.983333333333333,25.0
13.016666666666667,25.4
13.066666666666666,25.0
13.1,25.4
13.15,25.0
13.183333333333334,25.4
13.233333333333333,25.0
13.266666666666667,25.4
13.316666666666666,25.0
13.35,25.4
13.4,25.0
13.433333333333334,25.4
13.483333333333333,25.0
13.516666666666667,25.4
13.566666666666666,25.0
13.6,25.4
13.65,25.0
13.683333333333334,25.4
13.733333333333333,25.0
13.766666666666667,25.4
13.816666666666666,25.1
13.85,25.4
13.9,25.1
13.933333333333334,25.4
13.983333333333333,25.1
14.016666666666667,25.4
14.066666666666666,25.2
14.1,25.4
14.15,25.2
14.183333333333334,25.4
14.233333333333333,25.2
14.266666666666667,25.3
14.316666666666666,25.2
14.35,25.3
14.4,25.2
14.433333333333334,25.3
14.483333333333333,25.2
14.516666666666667,25.4
14.566666666666666,25.2
14.6,25.3
14.65,25.2
14.683333333333334,25.3
14.733333333333333,25.2
14.766666666666667,25.3
14.816666666666666,25.3
14.85,25.4
14.9,25.3
14.933333333333334,25.4
14.983333333333333,25.3
15.016666666666667,25.4
15.066666666666666,25.4
15.1,25.4
15.15,25.4
15.183333333333334,25.4
15.233333333333333,25.4
15.266666666666667,25.4
15.316666666666666,25.4
15.35,25.4
15.4,25.4
15.433333333333334,25.4
15.483333333333333,25.4
15.516666666666667,25.4
15.566666666666666,25.4
15.6,25.4
15.65,25.4
15.683333333333334,25.4
15.733333333333333,25.4
15.766666666666667,25.4
15.816666666666666,25.4
15.85,25.5
15.9,25.4
15.933333333333334,25.5
15.983333333333333,25.4
16.016666666666666,25.4
16.066666666666666,25.4
16.1,25.4
16.15,25.4
16.183333333333334,25.4
16.233333333333334,25.4
16.266666666666666,25.4
16.316666666666666,25.4
16.35,25.4
16.4,25.4
16.433333333333334,25.4
16.483333333333334,25.4
16.516666666666666,25.4
16.566666666666666,25.4
16.6,25.4
16.65,25.4
16.683333333333334,25.4
16.733333333333334,25.4
16.766666666666666,25.4
16.816666666666666,25.4
16.85,25.4
16.9,25.4
16.933333333333334,25.4
16.983333333333334,25.3
17.016666666666666,25.4
17.066666666666666,25.3
17.1,25.4
17.15,25.3
17.183333333333334,25.4
17.233333333333334,25.4
17.266666666666666,25.4
17.316666666666666,25.3
17.35,25.4
17.4,25.3
17.433333333333334,25.3
17.483333333333334,25.3
17.516666666666666,25.3
17.566666666666666,25.4
17.6,25.3
17.65,25.4
17.683333333333334,25.3
17.733333333333334,25.4
17.766666666666666,25.3
17.816666666666666,25.4
17.85,25.2
17.9,25.4
17.933333333333334,25.2
17.983333333333334,25.4
18.016666666666666,25.2
18.066666666666666,25.4
18.1,25.2
18.15,25.4
18.183333333333334,25.2
18.233333333333334,25.4
18.266666666666666,25.2
18.316666666666666,25.4
18.35,25.2
18.4,25.4
18.433333333333334,25.2
18.483333333333334,25.4
18.516666666666666,25.2
18.566666666666666,25.5
18.6,25.2
18.65,25.5
18.683333333333334,25.2
18.733333333333334,25.4
18.766666666666666,25.1
18.816666666666666,25.4
18.85,25.1
18.9,25.4
18.933333333333334,25.1
18.983333333333334,25.4
19.016666666666666,25.1
19.066666666666666,25.4
19.1,25.1
19.15,25.4
19.183333333333334,25.1
19.233333333333334,25.4
19.266666666666666,25.0
19.316666666666666,25.4
19.35,25.0
19.4,25.4
19.433333333333334,25.0
19.483333333333334,25.4
19.516666666666666,25.0
19.566666666666666,25.4
19.6,25.0
19.65,25.4
19.683333333333334,25.0
19.733333333333334,25.4
19.766666666666666,25.0
19.816666666666666,25.4
19.85,25.0
19.9,25.4
19.933333333333334,25.0
19.983333333333334,25.4
20.016666666666666,25.0
20.066666666666666,25.4
20.1,25.0
20.15,25.3
20.183333333333334,25.0
20.233333333333334,25.3
20.266666666666666,25.0
20.316666666666666,25.3
20.35,25.0
20.4,25.3
20.433333333333334,25.0
20.483333333333334,25.3
20.516666666666666,25.0
20.566666666666666,25.2
20.6,25.0
20.65,25.2
20.683333333333334,25.0
20.733333333333334,25.2
20.766666666666666,24.9
20.816666666666666,25.2
20.85,24.9
20.9,25.2
20.933333333333334,24.9
20.983333333333334,25.2
21.016666666666666,24.8
21.066666666666666,25.2
21.1,24.8
21.15,25.2
21.183333333333334,24.9
21.233333333333334,25.2
21.266666666666666,24.8
21.316666666666666,25.2
21.35,24.8
21.4,25.2
21.433333333333334,24.8
21.483333333333334,25.1
21.516666666666666,24.8
21.566666666666666,25.1
21.6,24.8
21.65,25.1
21.683333333333334,24.8
21.733333333333334,25.1
21.766666666666666,24.8
21.816666666666666,25.1
21.85,24.8
21.9,25.1
21.933333333333334,24.8
21.983333333333334,25.0
22.016666666666666,24.8
22.066666666666666,25.0
22.1,24.8
22.15,25.0
22.183333333333334,24.8
22.233333333333334,25.0
22.266666666666666,24.8
22.316666666666666,25.0
22.35,24.8
22.4,25.0
22.433333333333334,24.8
22.483333333333334,25.0
22.516666666666666,24.8
22.566666666666666,25.0
22.6,24.8
22.65,25.0
22.683333333333334,24.8
22.733333333333334,25.0
22.766666666666666,24.8
22.816666666666666,25.0
22.85,24.8
22.9,25.0
22.933333333333334,24.8
22.983333333333334,25.0
23.016666666666666,24.8
23.066666666666666,25.0
23.1,24.8
23.15,25.0
23.183333333333334,24.8
23.233333333333334,25.0
23.266666666666666,24.8
23.316666666666666,25.0
23.35,24.8
23.4,25.0
23.433333333333334,24.8
23.483333333333334,24.9
23.516666666666666,24.8
23.566666666666666,24.9
23.6,24.8
23.65,24.9
23.683333333333334,24.8
23.733333333333334,24.8
23.766666666666666,24.8
23.816666666666666,24.8
23.85,24.8
23.9,24.9
23.933333333333334,24.8
23.983333333333334,24.8

