0.0,24.6
0.08333333333333333,24.6
0.16666666666666666,24.6
0.25,24.6
0.3333333333333333,24.6
0.4166666666666667,24.6
0.5,24.6
0.5833333333333334,24.5
0.6666666666666666,24.5
0.75,24.5
0.8333333333333334,24.5
0.9166666666666666,24.5
1.0,24.5
1.0833333333333333,24.5
1.1666666666666667,24.5
1.25,24.5
1.3333333333333333,24.5
1.4166666666666667,24.5
1.5,24.5
1.5833333333333335,24.5
1.6666666666666665,24.5
1.75,24.5
1.8333333333333335,24.5
1.9166666666666665,24.5
2.0,24.5
2.0833333333333335,24.5
2.1666666666666665,24.5
2.25,24.4
2.3333333333333335,24.4
2.4166666666666665,24.4
2.5,24.4
2.5833333333333335,24.4
2.6666666666666665,24.4
2.75,24.4
2.8333333333333335,24.4
2.9166666666666665,24.4
3.0,24.4
3.0833333333333335,24.4
3.1666666666666665,24.4
3.25,24.4
3.3333333333333335,24.4
3.4166666666666665,24.4
3.5,24.4
3.5833333333333335,24.4
3.6666666666666665,24.4
3.75,24.4
3.8333333333333335,24.4
3.9166666666666665,24.4
4.0,24.4
4.083333333333333,24.4
4.166666666666667,24.4
4.25,24.4
4.333333333333333,24.4
4.416666666666667,24.4
4.5,24.4
4.583333333333333,24.4
4.666666666666667,24.4
4.75,24.4
4.833333333333333,24.4
4.916666666666667,24.4
5.0,24.4
5.083333333333333,24.4
5.166666666666667,24.4
5.25,24.4
5.333333333333333,24.4
5.416666666666667,24.4
5.5,24.4
5.583333333333333,24.4
5.666666666666667,24.4
5.75,24.4
5.833333333333333,24.4
5.916666666666667,24.4
6.0,24.4
6.083333333333333,24.4
6.166666666666667,24.4
6.25,24.4
6.333333333333333,24.4
6.416666666666667,24.4
6.5,24.4
6.583333333333333,24.4
6.666666666666667,24.4
6.75,24.4
6.833333333333333,24.4
6.916666666666667,24.4
7.0,24.4
7.083333333333333,24.4
7.166666666666667,24.4
7.25,24.4
7.333333333333333,24.4
7.416666666666667,24.4
7.5,24.4
7.583333333333333,24.4
7.666666666666667,24.4
7.75,24.4
7.833333333333333,24.4
7.916666666666667,24.4
8.0,24.4
8.083333333333334,24.4
8.166666666666666,24.4
8.25,24.4
8.333333333333334,24.5
8.416666666666666,24.5
8.5,24.5
8.583333333333334,24.5
8.666666666666666,24.5
8.75,24.5
8.833333333333334,24.5
8.916666666666666,24.5
9.0,24.5
9.083333333333334,24.5
9.166666666666666,24.5
9.25,24.5
9.333333333333334,24.6
9.416666666666666,24.6
9.5,24.7
9.583333333333334,24.7
9.666666666666666,24.7
9.75,24.7
9.833333333333334,24.8
9.916666666666666,24.8
10.0,24.9
10.083333333333334,24.9
10.166666666666666,25.0
10.25,25.0
10.333333333333334,25.0
10.416666666666666,25.0
10.5,25.0
10.583333333333334,25.0
10.666666666666666,25.0
10.75,25.1
10.833333333333334,25.1
10.916666666666666,25.1
11.0,25.1
11.083333333333334,25.1
11.166666666666666,25.1
11.25,25.1
11.333333333333334,25.1
11.416666666666666,25.1
11.5,25.1
11.583333333333334,25.1
11.666666666666666,25.1
11.75,25.1
11.833333333333334,25.1
11.916666666666666,25.1
12.0,25.1
12.083333333333334,25.1
12.166666666666666,25.1
12.25,25.1
12.333333333333334,25.2
12.416666666666666,25.2
12.5,25.2
12.583333333333334,25.2
12.666666666666666,25.2
12.75,25.2
12.833333333333334,25.2
12.916666666666666,25.2
13.0,25.2
13.083333333333334,25.2
13.166666666666666,25.2
13.25,25.2
13.333333333333334,25.2
13.416666666666666,25.2
13.5,25.2
13.583333333333334,25.2
13.666666666666666,25.2
13.75,25.2
13.833333333333334,25.2
13.916666666666666,25.2
14.0,25.2
14.083333333333334,25.2
14.166666666666666,25.2
14.25,25.2
14.333333333333334,25.1
14.416666666666666,25.1
14.5,25.1
14.583333333333334,25.1
14.666666666666666,25.1
14.75,25.1
14.833333333333334,25.1
14.916666666666666,25.1
15.0,25.1
15.083333333333334,25.1
15.166666666666666,25.1
15.25,25.1
15.333333333333334,25.1
15.416666666666666,25.1
15.5,25.1
15.583333333333334,25.1
15.666666666666666,25.1
15.75,25.1
15.833333333333334,25.1
15.916666666666666,25.1
16.0,25.0
16.083333333333332,25.0
16.166666666666668,25.0
16.25,25.0
16.333333333333332,25.0
16.416666666666668,25.0
16.5,25.0
16.583333333333332,25.0
16.666666666666668,25.0
16.75,25.0
16.833333333333332,25.0
16.916666666666668,25.0
17.0,25.0
17.083333333333332,25.0
17.166666666666668,25.0
17.25,25.0
17.333333333333332,25.0
17.416666666666668,24.9
17.5,24.9
17.583333333333332,24.9
17.666666666666668,24.9
17.75,24.9
17.833333333333332,24.9
17.916666666666668,24.9
18.0,24.9
18.083333333333332,24.9
18.166666666666668,24.9
18.25,24.9
18.333333333333332,24.9
18.416666666666668,24.9
18.5,24.9
18.583333333333332,24.8
18.666666666666668,24.8
18.75,24.8
18.833333333333332,24.8
18.916666666666668,24.8
19.0,24.8
19.083333333333332,24.8
19.166666666666668,24.8
19.25,24.7
19.333333333333332,24.7
19.416666666666668,24.7
19.5,24.7
19.583333333333332,24.8
19.666666666666668,24.7
19.75,24.7
19.833333333333332,24.7
19.916666666666668,24.7
20.0,24.7
20.083333333333332,24.7
20.166666666666668,24.7
20.25,24.6
20.333333333333332,24.6
20.416666666666668,24.6
20.5,24.6
20.583333333333332,24.6
20.666666666666668,24.6
20.75,24.6
20.833333333333332,24.6
20.916666666666668,24.6
21.0,24.6
21.083333333333332,24.6
21.166666666666668,24.6
21.25,24.6
21.333333333333332,24.6
21.416666666666668,24.6
21.5,24.6
21.583333333333332,24.6
21.666666666666668,24.6
21.75,24.6
21.833333333333332,24.6
21.916666666666668,24.6
22.0,24.6
22.083333333333332,24.6
22.166666666666668,24.6
22.25,24.6
22.333333333333332,24.6
22.416666666666668,24.6
22.5,24.6
22.583333333333332,24.6
22.666666666666668,24.6
22.75,24.6
22.833333333333332,24.6
22.916666666666668,24.5
23.0,24.5
23.083333333333332,24.5
23.166666666666668,24.5
23.25,24.5
23.333333333333332,24.5
23.416666666666668,24.5
23.5,24.5
23.583333333333332,24.5
23.666666666666668,24.5
23.75,24.5
23.833333333333332,24.5
23.916666666666668,24.5

