0.03333333333333333,23.8
0.11666666666666667,23.9
0.13333333333333333,26.7
0.2,23.9
0.21666666666666667,26.7
0.2833333333333333,24.0
0.3,26.7
0.36666666666666664,24.0
0.38333333333333336,26.7
0.45,24.0
0.4666666666666667,26.7
0.5333333333333333,24.0
0.55,26.7
0.6166666666666667,24.2
0.6333333333333333,26.7
0.7,24.2
0.7166666666666667,26.7
0.7833333333333333,24.2
0.8,26.7
0.8666666666666667,24.2
0.8833333333333333,26.6
0.95,24.2
0.9666666666666667,26.5
1.0333333333333334,24.2
1.05,26.2
1.1166666666666667,24.2
1.1333333333333333,26.1
1.2,24.6
1.2166666666666668,25.9
1.2833333333333332,24.6
1.3,25.7
1.3666666666666667,24.6
1.3833333333333333,25.5
1.45,24.6
1.4666666666666668,25.3
1.5333333333333332,24.6
1.55,25.2
1.6166666666666667,24.6
1.6333333333333333,25.0
1.7,24.6
1.7166666666666668,24.9
1.7833333333333332,24.6
1.8,24.8
1.8666666666666667,24.6
1.8833333333333333,24.8
1.95,24.6
1.9666666666666668,24.6
2.033333333333333,24.6
2.05,24.6
2.1166666666666667,24.6
2.1333333333333333,24.6
2.2,24.6
2.216666666666667,24.2
2.283333333333333,24.8
2.3,24.2
2.3666666666666667,24.8
2.3833333333333333,24.2
2.45,24.8
2.466666666666667,24.2
2.533333333333333,24.8
2.55,24.0
2.6166666666666667,24.8
2.6333333333333333,24.0
2.7,24.8
2.716666666666667,24.0
2.783333333333333,24.8
2.8,24.0
2.8666666666666667,24.8
2.8833333333333333,23.9
2.95,24.8
2.966666666666667,23.9
3.033333333333333,24.8
3.05,23.9
3.1166666666666667,24.8
3.1333333333333333,23.8
3.2,24.8
3.216666666666667,23.8
3.283333333333333,24.8
3.3,23.7
3.3666666666666667,24.8
3.3833333333333333,23.7
3.45,24.8
3.466666666666667,23.7
3.533333333333333,24.8
3.55,23.7
3.6166666666666667,24.8
3.6333333333333333,23.7
3.7,24.8
3.716666666666667,23.6
3.783333333333333,24.8
3.8,23.6
3.8666666666666667,24.8
3.8833333333333333,23.6
3.95,24.8
3.966666666666667,23.6
4.033333333333333,24.8
4.05,23.6
4.116666666666666,24.8
4.133333333333334,23.6
4.2,24.8
4.216666666666667,23.6
4.283333333333333,24.8
4.3,23.6
4.366666666666666,24.8
4.383333333333334,23.7
4.45,24.8
4.466666666666667,23.7
4.533333333333333,24.8
4.55,23.7
4.616666666666667,24.8
4.633333333333333,23.7
4.7,24.8
4.716666666666667,23.7
4.783333333333333,24.8
4.8,23.7
4.866666666666667,24.8
4.883333333333333,23.8
4.95,24.8
4.966666666666667,23.8
5.033333333333333,24.8
5.05,23.9
5.116666666666666,24.8
5.133333333333334,23.9
5.2,24.8
5.216666666666667,23.9
5.283333333333333,24.8
5.3,24.0
5.366666666666666,24.8
5.383333333333334,24.0
5.45,24.8
5.466666666666667,24.0
5.533333333333333,24.8
5.55,24.0
5.616666666666667,24.8
5.633333333333333,24.0
5.7,24.8
5.716666666666667,24.0
5.783333333333333,24.8
5.8,24.0
5.866666666666667,24.8
5.883333333333333,24.0
5.95,24.8
5.966666666666667,23.9
6.033333333333333,24.8
6.05,23.9
6.116666666666666,24.8
6.133333333333334,24.0
6.2,24.8
6.216666666666667,24.0
6.283333333333333,24.8
6.3,24.0
6.366666666666666,24.8
6.383333333333334,23.9
6.45,24.8
6.466666666666667,23.9
6.533333333333333,24.8
6.55,23.9
6.616666666666667,24.8
6.633333333333333,24.0
6.7,24.8
6.716666666666667,24.0
6.783333333333333,24.8
6.8,23.9
6.866666666666667,24.8
6.883333333333333,23.9
6.95,24.8
6.966666666666667,23.9
7.033333333333333,24.8
7.05,23.9
7.116666666666666,24.8
7.133333333333334,23.9
7.2,24.8
7.216666666666667,23.9
7.283333333333333,24.8
7.3,23.7
7.366666666666666,24.8
7.383333333333334,23.7
7.45,24.8
7.466666666666667,23.6
7.533333333333333,24.8
7.55,23.7
7.616666666666667,24.6
7.633333333333333,24.0
7.7,24.6
7.716666666666667,24.2
7.783333333333333,24.6
7.8,24.6
7.866666666666667,24.6
7.883333333333333,24.8
7.95,24.6
7.966666666666667,24.8
8.033333333333333,24.6
8.05,25.0
8.116666666666667,24.6
8.133333333333333,25.1
8.2,24.6
8.216666666666667,25.1
8.283333333333333,24.6
8.3,25.3
8.366666666666667,24.6
8.383333333333333,25.3
8.45,24.6
8.466666666666667,25.5
8.533333333333333,24.6
8.55,25.5
8.616666666666667,24.6
8.633333333333333,25.6
8.7,24.6
8.716666666666667,25.7
8.783333333333333,24.6
8.8,25.8
8.866666666666667,24.6
8.883333333333333,25.9
8.95,24.6
8.966666666666667,25.9
9.033333333333333,24.6
9.05,25.7
9.116666666666667,24.8
9.133333333333333,25.5
9.2,24.8
9.216666666666667,25.2
9.283333333333333,24.8
9.3,25.0
9.366666666666667,24.8
9.383333333333333,24.8
9.45,24.8
9.466666666666667,24.8
9.533333333333333,24.9
9.55,24.6
9.616666666666667,25.0
9.633333333333333,24.2
9.7,25.0
9.716666666666667,24.0
9.783333333333333,25.0
9.8,24.0
9.866666666666667,25.0
9.883333333333333,23.9
9.95,25.0
9.966666666666667,23.7
10.033333333333333,25.1
10.05,23.7
10.116666666666667,25.1
10.133333333333333,23.6
10.2,25.1
10.216666666666667,23.6
10.283333333333333,25.1
10.3,23.6
10.366666666666667,25.1
10.383333333333333,23.6
10.45,25.1
10.466666666666667,23.6
10.533333333333333,25.2
10.55,23.6
10.616666666666667,25.3
10.633333333333333,22.7
10.7,25.3
10.716666666666667,22.7
10.783333333333333,25.3
10.8,22.7
10.866666666666667,25.3
10.883333333333333,22.7
10.95,25.1
10.966666666666667,22.7
11.033333333333333,24.9
11.05,22.7
11.116666666666667,24.6
11.133333333333333,22.7
11.2,24.2
11.216666666666667,22.7
11.283333333333333,23.9
11.3,22.7
11.366666666666667,23.8
11.383333333333333,22.7
11.45,23.6
11.466666666666667,22.6
11.533333333333333,23.6
11.55,22.6
11.616666666666667,23.6
11.633333333333333,22.6
11.7,23.6
11.716666666666667,23.5
11.783333333333333,23.5
11.8,23.5
11.866666666666667,23.5
11.883333333333333,23.5
11.95,23.5
11.966666666666667,23.5
12.033333333333333,23.5
12.05,23.6
12.116666666666667,23.5
12.133333333333333,23.6
12.2,23.5
12.216666666666667,23.8
12.283333333333333,23.5
12.3,23.9
12.366666666666667,23.5
12.383333333333333,23.9
12.45,23.5
12.466666666666667,24.0
12.533333333333333,23.5
12.55,24.0
12.616666666666667,23.5
12.633333333333333,24.0
12.7,23.5
12.716666666666667,24.0
12.783333333333333,23.6
12.8,24.2
12.866666666666667,23.7
12.883333333333333,24.2
12.95,23.7
12.966666666666667,24.2
13.033333333333333,23.6
13.05,24.2
13.116666666666667,23.6
13.133333333333333,24.2
13.2,23.5
13.216666666666667,24.2
13.283333333333333,23.5
13.3,24.2
13.366666666666667,23.5
13.383333333333333,24.6
13.45,23.5
13.466666666666667,24.6
13.533333333333333,23.5
13.55,24.6
13.616666666666667,23.5
13.633333333333333,24.6
13.7,23.5
13.716666666666667,24.6
13.783333333333333,23.5
13.8,24.6
13.866666666666667,23.5
13.883333333333333,24.6
13.95,23.5
13.966666666666667,24.6
14.033333333333333,23.5
14.05,24.6
14.116666666666667,23.5
14.133333333333333,24.6
14.2,23.5
14.216666666666667,24.6
14.283333333333333,23.5
14.3,24.6
14.366666666666667,23.5
14.383333333333333,24.6
14.45,23.5
14.466666666666667,24.8
14.533333333333333,23.5
14.55,24.8
14.616666666666667,23.5
14.633333333333333,24.8
14.7,23.5
14.716666666666667,24.8
14.783333333333333,22.6
14.8,24.8
14.866666666666667,22.6
14.883333333333333,24.8
14.95,22.6
14.966666666666667,24.8
15.033333333333333,22.6
15.05,24.8
15.116666666666667,22.6
15.133333333333333,24.8
15.2,22.6
15.216666666666667,24.8
15.283333333333333,22.6
15.3,24.8
15.366666666666667,22.6
15.383333333333333,24.8
15.45,22.6
15.466666666666667,24.8
15.533333333333333,22.6
15.55,24.8
15.616666666666667,22.6
15.633333333333333,24.8
15.7,22.6
15.716666666666667,24.8
15.783333333333333,22.6
15.8,24.8
15.866666666666667,22.6
15.883333333333333,24.8
15.95,22.6
15.966666666666667,24.8
16.033333333333335,22.6
16.05,24.8
16.116666666666667,22.6
16.133333333333333,24.8
16.2,22.6
16.216666666666665,24.8
16.283333333333335,22.6
16.3,24.8
16.366666666666667,22.6
16.383333333333333,24.8
16.45,23.5
16.466666666666665,24.8
16.533333333333335,23.5
16.55,24.8
16.616666666666667,23.5
16.633333333333333,24.8
16.7,23.5
16.716666666666665,24.8
16.783333333333335,23.5
16.8,24.8
16.866666666666667,23.5
16.883333333333333,24.8
16.95,23.5
16.966666666666665,24.8
17.033333333333335,23.5
17.05,24.8
17.116666666666667,23.5
17.133333333333333,24.8
17.2,23.5
17.216666666666665,24.8
17.283333333333335,23.5
17.3,24.8
17.366666666666667,23.5
17.383333333333333,24.8
17.45,23.5
17.466666666666665,24.8
17.533333333333335,23.5
17.55,24.8
17.616666666666667,23.5
17.633333333333333,24.8
17.7,23.5
17.716666666666665,24.8
17.783333333333335,23.5
17.8,24.8
17.866666666666667,23.5
17.883333333333333,24.8
17.95,23.5
17.966666666666665,24.8
18.033333333333335,23.5
18.05,24.8
18.116666666666667,23.5
18.133333333333333,24.8
18.2,23.6
18.216666666666665,24.8
18.283333333333335,23.6
18.3,24.8
18.366666666666667,23.6
18.383333333333333,24.8
18.45,23.6
18.466666666666665,24.8
18.533333333333335,23.6
18.55,24.8
18.616666666666667,23.7
18.633333333333333,24.8
18.7,23.7
18.716666666666665,24.8
18.783333333333335,23.7
18.8,24.8
18.866666666666667,23.7
18.883333333333333,24.8
18.95,23.8
18.966666666666665,24.8
19.033333333333335,23.8
19.05,24.8
19.116666666666667,23.8
19.133333333333333,24.8
19.2,23.8
19.216666666666665,24.8
19.283333333333335,23.8
19.3,24.8
19.366666666666667,23.7
19.383333333333333,24.8
19.45,23.7
19.466666666666665,24.8
19.533333333333335,23.6
19.55,24.8
19.616666666666667,23.6
19.633333333333333,24.8
19.7,23.6
19.716666666666665,24.8
19.783333333333335,23.6
19.8,24.6
19.866666666666667,23.6
19.883333333333333,24.6
19.95,23.5
19.966666666666665,24.6
20.033333333333335,23.5
20.05,24.6
20.116666666666667,23.5
20.133333333333333,24.6
20.2,23.5
20.216666666666665,24.6
20.283333333333335,23.5
20.3,24.6
20.366666666666667,23.5
20.383333333333333,24.6
20.45,23.5
20.466666666666665,24.6
20.533333333333335,23.5
20.55,24.6
20.616666666666667,23.5
20.633333333333333,24.6
20.7,23.5
20.716666666666665,24.6
20.783333333333335,23.5
20.8,24.6
20.866666666666667,23.5
20.883333333333333,24.6
20.95,23.5
20.966666666666665,24.6
21.033333333333335,23.5
21.05,24.6
21.116666666666667,22.6
21.133333333333333,24.6
21.2,22.6
21.216666666666665,24.6
21.283333333333335,22.6
21.3,24.8
21.366666666666667,22.6
21.383333333333333,24.8
21.45,22.6
21.466666666666665,24.8
21.533333333333335,22.6
21.55,24.8
21.616666666666667,23.5
21.633333333333333,24.8
21.7,23.5
21.716666666666665,24.9
21.783333333333335,23.6
21.8,25.0
21.866666666666667,23.7
21.883333333333333,25.0
21.95,23.7
21.966666666666665,25.0
22.033333333333335,23.6
22.05,25.0
22.116666666666667,23.6
22.133333333333333,25.0
22.2,23.6
22.216666666666665,25.1
22.283333333333335,23.8
22.3,25.1
22.366666666666667,23.8
22.383333333333333,25.1
22.45,23.9
22.466666666666665,25.1
22.533333333333335,23.9
22.55,25.1
22.616666666666667,23.8
22.633333333333333,25.1
22.7,23.8
22.716666666666665,25.2
22.783333333333335,23.8
22.8,25.3
22.866666666666667,23.9
22.883333333333333,25.3
22.95,23.9
22.966666666666665,25.3
23.033333333333335,24.0
23.05,25.3
23.116666666666667,24.0
23.133333333333333,25.1
23.2,24.1
23.216666666666665,24.9
23.283333333333335,24.1
23.3,24.6
23.366666666666667,24.1
23.383333333333333,24.2
23.45,24.1
23.466666666666665,23.9
23.533333333333335,24.1
23.55,23.8
23.616666666666667,24.1
23.633333333333333,23.6
23.7,24.5
23.716666666666665,23.6
23.783333333333335,24.5
23.8,23.6
23.866666666666667,24.5
23.883333333333333,23.6
23.95,24.5
23.966666666666665,23.5

