0.05,23.8
0.13333333333333333,23.8
0.21666666666666667,23.5
0.3,23.4
0.38333333333333336,23.4
0.4666666666666667,22.6
0.55,22.6
0.6333333333333333,22.6
0.7166666666666667,22.6
0.8,22.5
0.8833333333333333,22.5
0.9666666666666667,22.5
1.05,22.6
1.1333333333333333,22.6
1.2166666666666668,22.6
1.3,22.5
1.3833333333333333,22.4
1.4666666666666668,22.3
1.55,22.3
1.6333333333333333,22.2
1.7166666666666668,22.1
1.8,22.0
1.8833333333333333,22.0
1.9666666666666668,22.0
2.05,22.0
2.1333333333333333,22.0
2.216666666666667,22.0
2.3,22.0
2.3833333333333333,22.0
2.466666666666667,22.0
2.55,22.0
2.6333333333333333,22.0
2.716666666666667,22.0
2.8,22.0
2.8833333333333333,22.0
2.966666666666667,21.9
3.05,22.0
3.1333333333333333,22.3
3.216666666666667,22.5
3.3,22.6
3.3833333333333333,22.6
3.466666666666667,22.6
3.55,23.4
3.6333333333333333,23.4
3.716666666666667,23.4
3.8,23.4
3.8833333333333333,23.6
3.966666666666667,23.8
4.05,23.8
4.133333333333334,23.9
4.216666666666667,24.0
4.283333333333333,24.7
4.3,24.1
4.366666666666666,24.7
4.383333333333334,24.5
4.45,24.7
4.466666666666667,24.5
4.533333333333333,24.7
4.55,24.5
4.616666666666667,24.7
4.633333333333333,24.0
4.7,24.7
4.716666666666667,23.9
4.783333333333333,24.7
4.8,23.6
4.866666666666667,24.7
4.883333333333333,23.4
4.95,24.7
4.966666666666667,23.4
5.033333333333333,24.7
5.05,23.4
5.116666666666666,24.7
5.133333333333334,23.4
5.2,24.7
5.216666666666667,23.4
5.283333333333333,24.7
5.3,22.6
5.366666666666666,24.7
5.383333333333334,22.6
5.45,24.7
5.466666666666667,22.6
5.533333333333333,24.7
5.55,22.6
5.616666666666667,24.7
5.633333333333333,22.6
5.7,24.7
5.716666666666667,22.6
5.783333333333333,24.7
5.8,22.6
5.866666666666667,24.7
5.883333333333333,22.6
5.95,24.7
5.966666666666667,22.6
6.033333333333333,24.7
6.05,22.6
6.116666666666666,24.7
6.133333333333334,22.6
6.2,24.7
6.216666666666667,22.6
6.283333333333333,24.7
6.3,22.6
6.366666666666666,24.7
6.383333333333334,22.6
6.45,24.7
6.466666666666667,22.6
6.533333333333333,24.7
6.55,22.6
6.616666666666667,24.7
6.633333333333333,22.6
6.7,24.7
6.716666666666667,22.6
6.783333333333333,24.7
6.8,22.6
6.866666666666667,24.7
6.883333333333333,22.6
6.95,24.7
6.966666666666667,22.6
7.033333333333333,24.7
7.05,22.6
7.116666666666666,24.7
7.133333333333334,22.6
7.2,24.7
7.216666666666667,22.6
7.283333333333333,24.7
7.3,22.6
7.366666666666666,24.7
7.383333333333334,22.6
7.45,24.7
7.466666666666667,22.6
7.533333333333333,24.6
7.55,22.6
7.616666666666667,24.6
7.633333333333333,22.6
7.7,24.6
7.716666666666667,22.6
7.783333333333333,24.6
7.8,22.6
7.866666666666667,24.6
7.883333333333333,22.6
7.95,24.6
7.966666666666667,22.6
8.033333333333333,24.6
8.05,22.6
8.116666666666667,24.6
8.133333333333333,23.4
8.2,24.6
8.216666666666667,23.4
8.283333333333333,24.6
8.3,23.4
8.366666666666667,24.6
8.383333333333333,23.4
8.45,24.6
8.466666666666667,23.4
8.533333333333333,24.6
8.55,23.4
8.616666666666667,24.6
8.633333333333333,23.4
8.7,24.6
8.716666666666667,23.4
8.783333333333333,24.6
8.8,23.4
8.866666666666667,24.6
8.883333333333333,22.6
8.95,24.6
8.966666666666667,22.6
9.033333333333333,24.6
9.05,22.6
9.116666666666667,24.6
9.133333333333333,22.6
9.2,24.6
9.216666666666667,22.6
9.283333333333333,24.6
9.3,22.6
9.366666666666667,24.6
9.383333333333333,22.6
9.45,24.6
9.466666666666667,22.6
9.533333333333333,24.6
9.55,22.6
9.616666666666667,24.6
9.633333333333333,22.6
9.7,24.6
9.716666666666667,22.6
9.783333333333333,24.6
9.8,22.6
9.866666666666667,24.6
9.883333333333333,22.6
9.95,24.7
9.966666666666667,22.6
10.033333333333333,24.7
10.05,22.6
10.116666666666667,24.7
10.133333333333333,22.6
10.2,24.7
10.216666666666667,23.4
10.283333333333333,24.7
10.3,23.4
10.366666666666667,24.7
10.383333333333333,23.4
10.45,24.7
10.466666666666667,23.4
10.533333333333333,24.7
10.55,23.4
10.616666666666667,24.7
10.633333333333333,23.4
10.7,24.7
10.716666666666667,23.4
10.783333333333333,24.7
10.8,23.4
10.866666666666667,24.8
10.883333333333333,22.6
10.95,24.8
10.966666666666667,22.6
11.033333333333333,24.9
11.05,22.6
11.116666666666667,24.9
11.133333333333333,23.4
11.183333333333334,24.8
11.2,24.9
11.233333333333333,24.9
11.283333333333333,24.9
11.333333333333334,24.9
11.333333333333334,25.0
11.416666666666666,24.9
11.416666666666666,24.8
11.483333333333333,24.9
11.5,24.8
11.566666666666666,25.0
11.583333333333334,24.8
11.666666666666666,24.8
11.683333333333334,25.0
11.75,24.8
11.766666666666667,25.0
11.833333333333334,24.8
11.85,25.0
11.916666666666666,24.8
11.933333333333334,25.0
12.0,24.8
12.016666666666667,25.0
12.083333333333334,24.8
12.1,25.1
12.166666666666666,24.8
12.183333333333334,25.1
12.25,24.8
12.266666666666667,25.3
12.333333333333334,24.8
12.35,25.3
12.416666666666666,24.8
12.433333333333334,25.3
12.5,24.8
12.516666666666667,25.3
12.583333333333334,24.8
12.6,25.4
12.666666666666666,24.8
12.683333333333334,25.4
12.75,24.8
12.766666666666667,25.4
12.833333333333334,24.7
12.85,25.4
12.916666666666666,24.7
12.933333333333334,25.4
13.0,24.7
13.016666666666667,25.0
13.083333333333334,24.7
13.1,24.9
13.166666666666666,24.7
13.183333333333334,24.5
13.25,24.7
13.266666666666667,24.0
13.333333333333334,24.7
13.35,23.7
13.416666666666666,24.7
13.433333333333334,23.6
13.5,24.7
13.516666666666667,23.4
13.583333333333334,24.7
13.6,23.4
13.666666666666666,24.6
13.683333333333334,23.4
13.75,24.6
13.766666666666667,23.4
13.833333333333334,24.7
13.85,22.6
13.916666666666666,24.6
13.933333333333334,22.6
14.0,24.6
14.016666666666667,22.6
14.083333333333334,24.6
14.1,22.6
14.166666666666666,24.6
14.183333333333334,22.6
14.25,24.6
14.266666666666667,22.6
14.333333333333334,24.6
14.35,22.6
14.416666666666666,24.6
14.433333333333334,22.6
14.5,24.6
14.516666666666667,22.6
14.583333333333334,24.6
14.6,22.6
14.666666666666666,24.7
14.683333333333334,22.6
14.75,24.7
14.766666666666667,22.6
14.833333333333334,24.6
14.85,22.6
14.916666666666666,24.6
14.933333333333334,22.6
15.0,24.7
15.016666666666667,22.6
15.083333333333334,24.8
15.1,22.6
15.166666666666666,24.8
15.183333333333334,22.6
15.25,24.8
15.266666666666667,22.6
15.333333333333334,24.7
15.35,22.6
15.416666666666666,24.7
15.433333333333334,22.6
15.5,24.6
15.516666666666667,22.6
15.583333333333334,24.7
15.6,22.6
15.666666666666666,24.6
15.683333333333334,22.6
15.75,24.7
15.766666666666667,22.6
15.833333333333334,24.6
15.85,22.6
15.916666666666666,24.6
15.933333333333334,22.6
16.0,24.7
16.016666666666666,22.6
16.083333333333332,24.6
16.1,22.6
16.166666666666668,24.7
16.183333333333334,22.6
16.25,24.8
16.266666666666666,22.6
16.333333333333332,24.8
16.35,22.6
16.416666666666668,24.9
16.433333333333334,22.6
16.5,24.9
16.516666666666666,22.6
16.583333333333332,24.9
16.6,22.6
16.666666666666668,24.9
16.683333333333334,22.6
16.75,25.0
16.766666666666666,22.6
16.833333333333332,25.0
16.85,22.6
16.916666666666668,25.0
16.933333333333334,22.6
17.0,25.0
17.016666666666666,22.6
17.083333333333332,25.0
17.1,22.6
17.166666666666668,25.0
17.183333333333334,22.6
17.25,25.1
17.266666666666666,22.6
17.333333333333332,25.1
17.35,22.6
17.416666666666668,25.3
17.433333333333334,22.6
17.5,25.3
17.516666666666666,22.6
17.583333333333332,25.3
17.6,22.6
17.666666666666668,25.3
17.683333333333334,22.6
17.75,25.4
17.766666666666666,22.6
17.833333333333332,25.4
17.85,22.6
17.916666666666668,25.4
17.933333333333334,22.6
18.0,25.4
18.016666666666666,22.6
18.083333333333332,25.4
18.1,22.6
18.166666666666668,25.0
18.183333333333334,22.6
18.25,24.9
18.266666666666666,22.6
18.333333333333332,24.5
18.35,22.6
18.416666666666668,24.0
18.433333333333334,22.6
18.5,23.7
18.516666666666666,22.6
18.583333333333332,23.6
18.6,22.6
18.666666666666668,23.4
18.683333333333334,22.6
18.75,23.4
18.766666666666666,22.6
18.833333333333332,23.4
18.85,22.6
18.916666666666668,23.4
18.933333333333334,22.6
19.0,22.6
19.016666666666666,22.6
19.083333333333332,22.6
19.1,22.6
19.166666666666668,22.6
19.183333333333334,22.6
19.25,22.6
19.266666666666666,22.6
19.333333333333332,22.6
19.35,22.6
19.416666666666668,22.6
19.433333333333334,22.6
19.5,22.6
19.516666666666666,22.6
19.583333333333332,22.6
19.6,22.6
19.666666666666668,22.6
19.683333333333334,22.6
19.75,22.6
19.766666666666666,22.6
19.833333333333332,22.6
19.85,22.6
19.916666666666668,22.6
19.933333333333334,22.6
20.0,22.6
20.016666666666666,22.6
20.083333333333332,22.6
20.1,22.6
20.166666666666668,22.6
20.183333333333334,22.6
20.25,22.6
20.266666666666666,22.6
20.333333333333332,22.6
20.35,22.6
20.416666666666668,22.6
20.433333333333334,22.6
20.5,22.6
20.516666666666666,22.6
20.583333333333332,22.6
20.6,22.6
20.666666666666668,22.6
20.683333333333334,22.6
20.75,22.6
20.766666666666666,22.6
20.833333333333332,22.6
20.85,22.6
20.916666666666668,22.6
20.933333333333334,22.5
21.0,22.6
21.016666666666666,22.5
21.083333333333332,22.6
21.1,22.5
21.166666666666668,22.6
21.183333333333334,22.5
21.25,22.6
21.266666666666666,22.4
21.333333333333332,22.6
21.35,22.3
21.416666666666668,22.6
21.433333333333334,22.3
21.5,22.6
21.516666666666666,22.2
21.583333333333332,22.6
21.6,22.1
21.666666666666668,22.6
21.683333333333334,22.0
21.75,22.6
21.766666666666666,22.0
21.833333333333332,22.6
21.85,22.0
21.916666666666668,22.6
21.933333333333334,22.0
22.0,22.6
22.016666666666666,21.9
22.083333333333332,22.6
22.1,21.9
22.166666666666668,22.6
22.183333333333334,21.9
22.25,22.6
22.266666666666666,21.9
22.333333333333332,22.6
22.35,21.9
22.416666666666668,22.6
22.433333333333334,21.8
22.5,22.6
22.516666666666666,21.8
22.583333333333332,22.6
22.6,21.8
22.666666666666668,22.6
22.683333333333334,21.7
22.75,22.6
22.766666666666666,21.6
22.833333333333332,22.6
22.85,21.6
22.916666666666668,22.6
22.933333333333334,21.6
23.0,22.6
23.016666666666666,21.6
23.083333333333332,22.6
23.1,21.6
23.166666666666668,22.6
23.183333333333334,21.6
23.25,22.6
23.266666666666666,21.8
23.333333333333332,22.6
23.35,21.9
23.416666666666668,22.6
23.433333333333334,22.0
23.5,22.6
23.516666666666666,22.2
23.583333333333332,22.6
23.6,22.3
23.666666666666668,22.6
23.683333333333334,22.5
23.75,22.6
23.766666666666666,22.6
23.833333333333332,22.6
23.85,22.6
23.916666666666668,22.6
23.933333333333334,22.6

